1 0.06953125 0.89296875 0.1390625 0.1078125
1 0.1984375 0.85 0.07109375 0.10625
1 0.1828125 0.7703125 0.05234375 0.034375
1 0.1515625 0.81171875 0.02265625 0.0265625
1 0.15859375 0.7265625 0.053125 0.08359375
1 0.11328125 0.75 0.03671875 0.0546875
1 0.06328125 0.796875 0.11484375 0.05078125
2 0.125 0.08203125 0.24453125 0.15703125
2 0.50546875 0.084375 0.53828125 0.1671875
4 0.50625 0.34296875 0.2328125 0.10546875
4 0.4796875 0.40859375 0.1078125 0.05
4 0.2765625 0.21796875 0.06015625 0.171875
4 0.36328125 0.225 0.0640625 0.14921875
4 0.4359375 0.221875 0.03984375 0.0453125
4 0.61328125 0.215625 0.1375 0.0328125
4 0.64375 0.325 0.12734375 0.03125
4 0.56796875 0.26640625 0.07734375 0.0265625
1 0.90390625 0.89453125 0.03515625 0.03515625