27 0.20703125 0.61953125 0.20390625 0.1046875
27 0.58203125 0.81796875 0.2046875 0.109375
27 0.925 0.6359375 0.15 0.09609375
27 0.57734375 0.421875 0.19140625 0.103125
27 0.21171875 0.22421875 0.19921875 0.11640625
27 0.92265625 0.2296875 0.1546875 0.103125
27 0.55234375 0.0421875 0.20703125 0.08359375
27 0.934375 0.02578125 0.13125 0.0515625
27 0.21953125 0.02734375 0.09375 0.025
27 0.03046875 0.12734375 0.06015625 0.0328125
27 0.39296875 0.3203125 0.0609375 0.02890625
27 0.7640625 0.321875 0.05859375 0.0234375
27 0.94765625 0.42421875 0.053125 0.02890625
27 0.20625 0.42109375 0.046875 0.025
7 0.17578125 0.971875 0.3140625 0.04921875
7 0.74765625 0.9703125 0.446875 0.03671875
27 0.76953125 0.12734375 0.06328125 0.03515625