8 0.9671875 0.0375 0.06484375 0.07265625
8 0.759375 0.05234375 0.0375 0.034375
8 0.68125 0.0578125 0.0296875 0.02578125
8 0.05625 0.03828125 0.0453125 0.046875
8 0.27109375 0.0484375 0.03515625 0.03125
8 0.3515625 0.04921875 0.02890625 0.028125
8 0.39296875 0.05625 0.021875 0.02265625
8 0.64296875 0.05390625 0.02734375 0.025
8 0.57265625 0.05625 0.0171875 0.028125
8 0.5921875 0.05234375 0.0203125 0.025
8 0.61875 0.05546875 0.01953125 0.01484375
8 0.421875 0.05625 0.015625 0.01640625
8 0.4546875 0.05546875 0.01875 0.02109375
8 0.61015625 0.14921875 0.05625 0.0890625
8 0.09765625 0.17421875 0.02265625 0.02578125
1 0.21484375 0.1640625 0.05234375 0.04453125