1 0.53515625 0.8875 0.0625 0.08671875
1 0.5359375 0.80234375 0.065625 0.084375
1 0.55390625 0.69296875 0.05703125 0.08671875
1 0.59921875 0.7609375 0.0515625 0.06953125
1 0.66015625 0.83046875 0.07578125 0.12578125
1 0.7078125 0.79140625 0.04765625 0.06171875
1 0.640625 0.73671875 0.05234375 0.05859375
1 0.73828125 0.696875 0.0765625 0.12890625
1 0.684375 0.66875 0.0390625 0.04765625
1 0.62890625 0.61796875 0.04765625 0.0546875
1 0.675 0.55625 0.03515625 0.05
1 0.67421875 0.521875 0.03125 0.0375
1 0.65859375 0.5 0.0296875 0.02578125
1 0.80546875 0.5609375 0.059375 0.12265625
1 0.7546875 0.53984375 0.034375 0.046875
1 0.7125 0.609375 0.0453125 0.05234375
1 0.7375 0.56953125 0.03515625 0.0328125
1 0.80625 0.4796875 0.02265625 0.0359375
1 0.84609375 0.48046875 0.03359375 0.0328125
1 0.828125 0.45546875 0.02265625 0.034375
1 0.2890625 0.87109375 0.08203125 0.096875
1 0.33515625 0.83671875 0.0671875 0.0765625
1 0.3734375 0.7828125 0.05625 0.078125
1 0.40859375 0.74375 0.0515625 0.0734375
1 0.4421875 0.68125 0.05703125 0.08984375
1 0.48203125 0.66796875 0.04296875 0.08125
1 0.5171875 0.6203125 0.0421875 0.06875
1 0.5515625 0.5921875 0.02890625 0.06171875
1 0.5625 0.55859375 0.04140625 0.0875
1 0.59375 0.534375 0.04921875 0.08203125
1 0.5734375 0.48984375 0.0359375 0.04609375
1 0.5390625 0.4640625 0.03984375 0.0515625
1 0.50625 0.44453125 0.0296875 0.05390625
1 0.4671875 0.434375 0.0359375 0.04296875
1 0.415625 0.36875 0.04609375 0.065625
1 0.44609375 0.396875 0.0359375 0.05234375
1 0.35625 0.321875 0.05078125 0.053125
1 0.3625 0.2953125 0.04609375 0.0453125
1 0.42890625 0.2625 0.03125 0.03125
1 0.47421875 0.25 0.04765625 0.0328125
1 0.3890625 0.68828125 0.0484375 0.06328125
1 0.33984375 0.73828125 0.046875 0.05078125
1 0.30703125 0.77109375 0.059375 0.06875
1 0.259375 0.80859375 0.0828125 0.07265625
1 0.1796875 0.8765625 0.1109375 0.15625
1 0.221875 0.96015625 0.078125 0.0796875
1 0.16953125 0.7859375 0.10625 0.1453125
1 0.21875 0.68828125 0.08125 0.1328125
1 0.278125 0.66484375 0.04296875 0.05625
1 0.2984375 0.646875 0.04453125 0.04765625
1 0.328125 0.62109375 0.05078125 0.05625
1 0.39296875 0.590625 0.08125 0.071875
1 0.4328125 0.54921875 0.0671875 0.078125
1 0.46015625 0.49765625 0.05 0.0453125
1 0.4125 0.478125 0.0265625 0.0390625
1 0.43515625 0.46796875 0.02578125 0.03046875
1 0.53125 0.5484375 0.034375 0.06015625
1 0.4890625 0.5703125 0.03984375 0.05703125
1 0.48671875 0.5203125 0.03515625 0.03984375
1 0.51640625 0.4953125 0.0375 0.0484375
1 0.0578125 0.82578125 0.11484375 0.16328125
1 0.05625 0.91484375 0.1015625 0.0828125
1 0.0625 0.96171875 0.125 0.0765625
1 0.57734375 0.9734375 0.06796875 0.05234375
1 0.95078125 0.9171875 0.05078125 0.06953125
18 0.69921875 0.96796875 0.0328125 0.053125
18 0.7390625 0.9046875 0.03046875 0.05859375
18 0.76875 0.846875 0.0265625 0.05234375
18 0.7859375 0.81015625 0.021875 0.06015625
18 0.79921875 0.77265625 0.028125 0.06796875
18 0.821875 0.73515625 0.0203125 0.046875
18 0.83125 0.71640625 0.01640625 0.053125
18 0.8328125 0.678125 0.0171875 0.05390625
18 0.85078125 0.65390625 0.025 0.0515625
18 0.87109375 0.596875 0.02109375 0.04765625
18 0.846875 0.6171875 0.01640625 0.04453125
13 0.884375 0.82421875 0.01875 0.06171875
13 0.9 0.82421875 0.015625 0.05703125
13 0.9140625 0.8203125 0.01953125 0.0609375