18 0.49921875 0.91953125 0.034375 0.084375
18 0.43046875 0.55859375 0.00703125 0.02421875
18 0.4328125 0.58359375 0.00859375 0.02265625
18 0.4390625 0.59140625 0.0109375 0.0265625
18 0.43046875 0.59921875 0.00703125 0.01953125
18 0.42734375 0.62578125 0.00859375 0.02578125
18 0.4328125 0.61328125 0.00703125 0.01875
18 0.43515625 0.628125 0.0078125 0.021875
18 0.4421875 0.6390625 0.01171875 0.028125
18 0.44375 0.659375 0.0109375 0.02578125
18 0.44609375 0.6796875 0.0125 0.034375
18 0.4515625 0.70234375 0.01171875 0.03046875
18 0.4546875 0.73046875 0.01328125 0.04296875
18 0.4640625 0.7578125 0.01640625 0.05078125
18 0.47265625 0.8 0.01640625 0.0578125
18 0.484375 0.85390625 0.01796875 0.06328125
1 0.25625 0.60625 0.04296875 0.03984375
1 0.25625 0.64609375 0.0546875 0.05703125
1 0.48359375 0.57734375 0.0328125 0.0375
1 0.48359375 0.48046875 0.01875 0.02265625
1 0.59296875 0.56640625 0.0328125 0.04296875
1 0.5828125 0.63203125 0.04375 0.05703125
1 0.646875 0.7796875 0.078125 0.10625
1 0.63046875 0.875 0.09453125 0.1171875
1 0.51015625 0.50390625 0.0234375 0.02734375
1 0.5109375 0.48828125 0.01875 0.0203125
1 0.51484375 0.46953125 0.01484375 0.02109375
1 0.54375 0.4484375 0.0125 0.0140625
1 0.55703125 0.453125 0.01015625 0.0125
1 0.571875 0.45390625 0.0109375 0.0125
1 0.5390625 0.490625 0.0203125 0.03203125
1 0.78671875 0.90390625 0.09453125 0.12109375
1 0.40703125 0.44453125 0.02734375 0.053125
18 0.52265625 0.97421875 0.0234375 0.0515625
24 0.2375 0.296875 0.0171875 0.0703125
24 0.6765625 0.340625 0.01796875 0.059375
24 0.4375 0.46328125 0.01484375 0.09765625