27 0.34375 0.7265625 0.06171875 0.08046875
27 0.11640625 0.4453125 0.06796875 0.07578125
27 0.57578125 0.44453125 0.07421875 0.08046875
27 0.80703125 0.16015625 0.06015625 0.07578125
27 0.80625 0.72578125 0.06640625 0.08046875
27 0.575 0.72421875 0.11171875 0.1546875
27 0.80625 0.440625 0.10703125 0.14140625
27 0.121875 0.15859375 0.1078125 0.13359375
27 0.3390625 0.1625 0.07578125 0.06796875
27 0.57578125 0.16171875 0.1015625 0.12109375
27 0.34296875 0.446875 0.10390625 0.11484375
27 0.11171875 0.725 0.10078125 0.12734375
7 0.16875 0.95859375 0.31953125 0.07109375
7 0.8828125 0.95625 0.20703125 0.0625