1 0.37109375 0.37734375 0.01640625 0.053125
1 0.3578125 0.47421875 0.0140625 0.0578125
1 0.37890625 0.4328125 0.01171875 0.05078125
1 0.3703125 0.4796875 0.01484375 0.05625
1 0.38359375 0.68359375 0.01953125 0.05
1 0.41484375 0.61015625 0.02890625 0.0671875
1 0.45703125 0.56484375 0.02265625 0.0578125
1 0.48984375 0.5296875 0.03046875 0.06328125
1 0.5328125 0.20390625 0.01875 0.08125
1 0.55234375 0.07109375 0.01953125 0.05390625
1 0.5984375 0.121875 0.01796875 0.06796875
1 0.3609375 0.70390625 0.01875 0.06015625
1 0.359375 0.821875 0.01875 0.0765625
1 0.50625 0.83203125 0.021875 0.078125
1 0.5171875 0.9625 0.01796875 0.075
1 0.67265625 0.534375 0.01171875 0.053125
1 0.684375 0.5453125 0.01484375 0.06875
1 0.7 0.534375 0.015625 0.065625
1 0.69765625 0.59375 0.015625 0.059375
1 0.69765625 0.6421875 0.015625 0.05
1 0.6921875 0.74296875 0.01796875 0.06328125