1 0.3078125 0.65859375 0.0390625 0.04375
1 0.39375 0.48359375 0.0375 0.07578125
1 0.46796875 0.46953125 0.01875 0.028125
1 0.44921875 0.4 0.0171875 0.0328125
1 0.6796875 0.56328125 0.04921875 0.075
1 0.6203125 0.47421875 0.0203125 0.02265625
1 0.578125 0.43359375 0.0203125 0.0421875
1 0.5453125 0.45078125 0.01640625 0.02421875
13 0.12578125 0.54453125 0.01953125 0.04609375
13 0.2046875 0.4953125 0.01640625 0.04453125
1 0.80625 0.7921875 0.06171875 0.09140625
1 0.54765625 0.38203125 0.01328125 0.025
1 0.5234375 0.4078125 0.00859375 0.01484375
1 0.540625 0.371875 0.0125 0.01796875
13 0.875 0.5328125 0.01484375 0.0359375
13 0.9140625 0.559375 0.01015625 0.0375
13 0.8015625 0.4890625 0.00859375 0.025
13 0.92890625 0.57265625 0.01015625 0.0359375
1 0.2953125 0.49296875 0.02109375 0.02890625
1 0.46875 0.36953125 0.0125 0.0265625