1 0.11796875 0.7578125 0.17734375 0.33671875
1 0.28828125 0.5515625 0.090625 0.17578125
1 0.35625 0.64609375 0.06015625 0.08203125
1 0.4109375 0.76875 0.08203125 0.090625
1 0.4234375 0.56796875 0.040625 0.065625
1 0.8140625 0.753125 0.0796875 0.10234375
1 0.715625 0.6296875 0.05859375 0.07265625
1 0.628125 0.54453125 0.0375 0.06875
1 0.66875 0.53828125 0.04609375 0.053125
1 0.55625 0.53046875 0.040625 0.0515625
1 0.5953125 0.47109375 0.0515625 0.06875
1 0.54453125 0.49453125 0.0359375 0.0421875
1 0.5515625 0.45078125 0.0515625 0.0734375
1 0.490625 0.44140625 0.025 0.03203125
1 0.465625 0.44609375 0.02109375 0.02421875
1 0.34296875 0.4796875 0.02578125 0.0328125
1 0.3609375 0.4515625 0.0265625 0.028125
1 0.3359375 0.453125 0.02734375 0.03125
1 0.34375 0.42734375 0.02578125 0.0328125
1 0.321875 0.41953125 0.03203125 0.04921875
1 0.3484375 0.3640625 0.0203125 0.0359375
1 0.365625 0.38125 0.01640625 0.02890625
1 0.38515625 0.38515625 0.01328125 0.02421875
1 0.39609375 0.4078125 0.01640625 0.0171875
1 0.4265625 0.41015625 0.02109375 0.03125
1 0.453125 0.421875 0.0171875 0.028125