27 0.73671875 0.31875 0.0875 0.10859375
27 0.40078125 0.4578125 0.0828125 0.10078125
27 0.29453125 0.3125 0.03046875 0.0390625
27 0.065625 0.325 0.0890625 0.11171875
27 0.18359375 0.45234375 0.02109375 0.03046875
27 0.18125 0.7265625 0.028125 0.0421875
27 0.40390625 0.72421875 0.03984375 0.05
27 0.5140625 0.590625 0.02890625 0.0515625
27 0.6265625 0.17890625 0.03671875 0.04765625
27 0.06015625 0.04609375 0.03359375 0.0421875
27 0.2890625 0.04453125 0.04375 0.05
27 0.51484375 0.046875 0.0390625 0.0484375
27 0.73984375 0.04609375 0.040625 0.04609375
27 0.9640625 0.04453125 0.0375 0.04921875
27 0.965625 0.321875 0.0328125 0.059375
27 0.85546875 0.4484375 0.0390625 0.05078125
27 0.29609375 0.85859375 0.04375 0.05546875
27 0.51171875 0.85625 0.04296875 0.06484375
27 0.62265625 0.728125 0.10078125 0.11796875
27 0.73828125 0.59296875 0.04296875 0.04921875
27 0.85234375 0.71328125 0.040625 0.046875
27 0.9640625 0.85546875 0.04296875 0.05859375
27 0.73828125 0.85234375 0.0421875 0.05078125
27 0.96953125 0.58671875 0.02734375 0.04921875
27 0.5109375 0.31796875 0.0390625 0.04453125
27 0.17734375 0.18046875 0.028125 0.046875
27 0.40390625 0.18203125 0.03203125 0.04140625
27 0.8515625 0.18515625 0.03515625 0.05234375
27 0.06484375 0.85703125 0.034375 0.05078125
7 0.2140625 0.95625 0.3703125 0.07578125
7 0.91015625 0.95859375 0.10625 0.07421875