7 0.91953125 0.959375 0.1234375 0.07734375
7 0.21328125 0.9546875 0.37421875 0.075
27 0.40390625 0.45546875 0.09375 0.10546875
27 0.065625 0.315625 0.08828125 0.09765625
27 0.40390625 0.72265625 0.03046875 0.0484375
27 0.290625 0.58515625 0.03125 0.05078125
27 0.5171875 0.58828125 0.0234375 0.04765625
27 0.62578125 0.7265625 0.0875 0.096875
27 0.51484375 0.85546875 0.0265625 0.03671875
27 0.29375 0.85859375 0.02734375 0.0359375
27 0.6265625 0.17890625 0.0328125 0.03828125
27 0.7375 0.31875 0.08203125 0.0953125
27 0.85234375 0.1859375 0.02734375 0.0421875
27 0.740625 0.05 0.0296875 0.0390625
27 0.51875 0.0484375 0.0296875 0.04453125
27 0.4046875 0.17734375 0.021875 0.0375
27 0.17734375 0.184375 0.02578125 0.046875
27 0.29296875 0.04921875 0.0328125 0.0515625
27 0.17890625 0.4453125 0.01953125 0.0328125
27 0.17265625 0.7265625 0.021875 0.04140625
27 0.065625 0.5859375 0.0171875 0.0375
27 0.0640625 0.8578125 0.025 0.03515625
27 0.7375 0.5828125 0.021875 0.0375
27 0.8515625 0.4515625 0.0203125 0.0390625
27 0.96328125 0.3140625 0.0296875 0.0578125
27 0.853125 0.721875 0.03046875 0.0359375
27 0.740625 0.8578125 0.03125 0.0359375
27 0.96484375 0.859375 0.034375 0.03828125
27 0.9625 0.58515625 0.02890625 0.04140625
27 0.29140625 0.31875 0.02890625 0.04296875
27 0.5203125 0.31484375 0.02890625 0.03515625
27 0.63203125 0.45078125 0.0203125 0.03359375