13 0.88671875 0.24453125 0.1546875 0.31484375
13 0.63671875 0.171875 0.0546875 0.196875
13 0.84296875 0.1640625 0.04140625 0.171875
1 0.75625 0.1203125 0.134375 0.21171875
18 0.53515625 0.24375 0.0359375 0.08984375
18 0.721875 0.20859375 0.025 0.0828125
18 0.73671875 0.2078125 0.02734375 0.07734375
18 0.7890625 0.221875 0.028125 0.07734375
18 0.80546875 0.30390625 0.059375 0.14453125
18 0.93828125 0.31015625 0.0734375 0.153125
18 0.7984375 0.08515625 0.02109375 0.0671875
15 0.51953125 0.49453125 0.10859375 0.08515625
15 0.4203125 0.578125 0.071875 0.04921875