1 0.21484375 0.13125 0.203125 0.12109375
1 0.58125 0.1390625 0.153125 0.078125
1 0.66953125 0.13984375 0.0765625 0.075
1 0.8828125 0.115625 0.1640625 0.109375
1 0.05078125 0.19296875 0.1015625 0.25
1 0.34453125 0.125 0.034375 0.0453125
1 0.384375 0.1359375 0.04375 0.07265625
1 0.46171875 0.13984375 0.04609375 0.06015625
1 0.36640625 0.08984375 0.0265625 0.03828125
13 0.40625 0.1609375 0.0421875 0.1515625
16 0.46171875 0.18828125 0.05546875 0.0890625
13 0.77734375 0.14453125 0.03359375 0.1421875
28 0.284375 0.56953125 0.15703125 0.06484375
15 0.44609375 0.72734375 0.17109375 0.1078125
15 0.528125 0.8484375 0.0984375 0.0765625
15 0.74453125 0.87109375 0.21328125 0.1953125
15 0.6203125 0.584375 0.09453125 0.05625
15 0.36796875 0.49296875 0.053125 0.03515625
15 0.49609375 0.49765625 0.1078125 0.04921875