1 0.41484375 0.46015625 0.0296875 0.090625
1 0.43125 0.61953125 0.04296875 0.1078125
1 0.45625 0.77578125 0.0265625 0.0828125
1 0.27734375 0.71953125 0.0265625 0.05625
1 0.2515625 0.646875 0.02421875 0.0421875
1 0.209375 0.671875 0.0265625 0.046875
1 0.2453125 0.7484375 0.02578125 0.05703125
1 0.2453125 0.821875 0.02578125 0.05
1 0.33359375 0.23359375 0.028125 0.05078125
1 0.29765625 0.325 0.01953125 0.05078125
1 0.328125 0.3265625 0.02578125 0.0421875
1 0.38828125 0.34765625 0.02265625 0.0671875
1 0.3828125 0.43046875 0.02734375 0.071875
1 0.67421875 0.153125 0.0296875 0.06015625