1 0.16796875 0.77421875 0.25546875 0.23046875
1 0.47265625 0.64140625 0.1640625 0.21640625
1 0.53125 0.453125 0.0828125 0.11328125
1 0.61484375 0.390625 0.05703125 0.07265625
1 0.68515625 0.34453125 0.04765625 0.07734375
1 0.72578125 0.38984375 0.0546875 0.08359375
1 0.8109375 0.4515625 0.0765625 0.1375
1 0.8125 0.34140625 0.05703125 0.0703125
1 0.70234375 0.28359375 0.03046875 0.04765625
1 0.73515625 0.28125 0.0328125 0.03828125
1 0.7640625 0.2859375 0.04453125 0.0390625
1 0.86796875 0.27265625 0.03984375 0.04765625
1 0.84453125 0.3125 0.04375 0.05625
1 0.22109375 0.43359375 0.146875 0.1234375
1 0.328125 0.446875 0.10546875 0.09609375
1 0.4125 0.36484375 0.0625 0.0734375
1 0.4671875 0.3765625 0.0640625 0.07890625
1 0.53203125 0.3328125 0.046875 0.06171875
1 0.575 0.334375 0.04609375 0.04375
1 0.62578125 0.2921875 0.04453125 0.04296875
1 0.584375 0.290625 0.040625 0.0390625