27 0.31953125 0.18359375 0.0875 0.1109375
27 0.43203125 0.31015625 0.02734375 0.0390625
27 0.32109375 0.43984375 0.02890625 0.04296875
27 0.54453125 0.1765625 0.03203125 0.04375
27 0.76796875 0.17109375 0.02578125 0.04296875
27 0.97421875 0.19140625 0.05078125 0.08125
27 0.878125 0.3140625 0.034375 0.03671875
27 0.65859375 0.31328125 0.03515625 0.04140625
27 0.7734375 0.44921875 0.02109375 0.03515625
27 0.9890625 0.45 0.021875 0.04609375
27 0.76953125 0.721875 0.090625 0.10703125
27 0.66015625 0.85078125 0.03203125 0.04921875
27 0.5515625 0.71953125 0.0234375 0.04921875
27 0.42890625 0.85625 0.0390625 0.04296875
27 0.32265625 0.715625 0.02578125 0.040625
27 0.20546875 0.8515625 0.02578125 0.03203125
27 0.09765625 0.72421875 0.0875 0.1015625
27 0.09765625 0.45078125 0.02734375 0.04375
27 0.20625 0.31328125 0.03515625 0.04453125
27 0.0984375 0.175 0.021875 0.04609375
27 0.434375 0.04375 0.02421875 0.05
27 0.20625 0.04375 0.03203125 0.04765625
27 0.66015625 0.03671875 0.03671875 0.04765625
27 0.884375 0.03828125 0.03203125 0.04921875
27 0.8828125 0.85 0.0234375 0.0359375
7 0.91171875 0.959375 0.1046875 0.0671875
7 0.21640625 0.95703125 0.37265625 0.07265625