1 0.515625 0.65234375 0.0703125 0.175
1 0.5296875 0.48515625 0.05 0.09140625
1 0.57734375 0.4765625 0.04765625 0.0828125
1 0.590625 0.559375 0.059375 0.1359375
1 0.66015625 0.49453125 0.0515625 0.1109375
1 0.62421875 0.43046875 0.02890625 0.07890625
1 0.71328125 0.47265625 0.05 0.1015625
1 0.71171875 0.57890625 0.05234375 0.0890625
1 0.75546875 0.51640625 0.05234375 0.1203125
1 0.7953125 0.58046875 0.059375 0.11796875
1 0.559375 0.40234375 0.03984375 0.0828125
1 0.5125 0.39609375 0.04453125 0.08828125
1 0.571875 0.34765625 0.03203125 0.05234375
1 0.6015625 0.4015625 0.0328125 0.06328125
1 0.60859375 0.33671875 0.03671875 0.07265625
1 0.534375 0.29140625 0.09765625 0.1390625
1 0.6640625 0.43046875 0.05 0.07890625
9 0.6234375 0.6625 0.0375 0.1078125
9 0.65703125 0.65703125 0.0265625 0.121875
9 0.67109375 0.61328125 0.025 0.09609375
9 0.78671875 0.7171875 0.0421875 0.1296875
9 0.86875 0.7140625 0.0390625 0.159375
9 0.92578125 0.728125 0.0609375 0.17734375
9 0.83046875 0.6796875 0.03671875 0.1515625