1 0.43984375 0.72890625 0.19921875 0.19140625
1 0.753125 0.71796875 0.21328125 0.26328125
1 0.72734375 0.8875 0.23828125 0.22421875
1 0.87734375 0.4375 0.13125 0.140625
1 0.8265625 0.3109375 0.13671875 0.1421875
1 0.94375 0.24375 0.10078125 0.109375
1 0.6265625 0.2921875 0.11953125 0.109375
1 0.74375 0.2328125 0.08671875 0.1015625
1 0.62890625 0.1984375 0.084375 0.0765625
1 0.49609375 0.1453125 0.07265625 0.05546875
1 0.45 0.06171875 0.07265625 0.05625
1 0.51171875 0.09765625 0.05625 0.0625
1 0.55625 0.12265625 0.06875 0.0765625
1 0.58671875 0.1625 0.0765625 0.08515625
1 0.61171875 0.11484375 0.05703125 0.0703125
1 0.65859375 0.15 0.0609375 0.06328125
1 0.1875 0.19921875 0.0890625 0.078125
1 0.1109375 0.2140625 0.0890625 0.0765625
1 0.04609375 0.203125 0.0921875 0.08203125
1 0.1328125 0.128125 0.07890625 0.0921875
1 0.16796875 0.10234375 0.06171875 0.05859375
1 0.18203125 0.071875 0.040625 0.059375
1 0.2375 0.10234375 0.06875 0.071875
1 0.303125 0.10703125 0.06328125 0.0859375
1 0.40859375 0.02109375 0.0515625 0.0421875
1 0.403125 0.02265625 0.109375 0.0375
1 0.175 0.02578125 0.05 0.03828125