7 0.19921875 0.95546875 0.25625 0.08125
21 0.04140625 0.9515625 0.059375 0.07890625
27 0.1171875 0.49296875 0.06015625 0.07890625
27 0.3453125 0.80625 0.06640625 0.0765625
27 0.578125 0.490625 0.065625 0.08046875
27 0.80859375 0.8078125 0.0671875 0.08359375
27 0.346875 0.18046875 0.0625 0.07890625
27 0.8078125 0.18046875 0.06875 0.078125
27 0.11796875 0.1796875 0.1171875 0.134375
27 0.5765625 0.17734375 0.10703125 0.14296875
27 0.34296875 0.4984375 0.09296875 0.12109375
27 0.8078125 0.49140625 0.103125 0.1265625
7 0.925 0.953125 0.12109375 0.06953125