1 0.79609375 0.52578125 0.12578125 0.20859375
1 0.33828125 0.50859375 0.06640625 0.0921875
1 0.60234375 0.44296875 0.0421875 0.11484375
1 0.58515625 0.31875 0.0375 0.06796875
1 0.3671875 0.35703125 0.06484375 0.0859375
1 0.034375 0.4984375 0.06484375 0.07109375
1 0.109375 0.47734375 0.059375 0.07578125
1 0.0265625 0.81796875 0.05 0.1640625
9 0.3625 0.44375 0.02109375 0.06171875
9 0.3359375 0.44375 0.02890625 0.05625
9 0.63359375 0.41875 0.01796875 0.065625
9 0.6421875 0.36328125 0.01484375 0.04375
9 0.86484375 0.4421875 0.0296875 0.07109375