1 0.33046875 0.6921875 0.115625 0.184375
1 0.59453125 0.8375 0.3171875 0.32421875
13 0.16015625 0.95390625 0.0390625 0.0921875
13 0.0921875 0.74921875 0.01875 0.053125
13 0.09453125 0.684375 0.0171875 0.0453125
13 0.803125 0.79375 0.0203125 0.0625
13 0.7625 0.796875 0.01875 0.07109375
13 0.84140625 0.7796875 0.01796875 0.05859375
13 0.825 0.75859375 0.0234375 0.05
13 0.7671875 0.74609375 0.021875 0.04296875
13 0.57265625 0.6765625 0.01796875 0.0375
13 0.646875 0.6875 0.01875 0.05
13 0.1 0.8078125 0.025 0.05
13 0.903125 0.78984375 0.0203125 0.0578125
13 0.9359375 0.784375 0.021875 0.0515625
13 0.86953125 0.76484375 0.0203125 0.0578125
13 0.9609375 0.76796875 0.0171875 0.0515625
13 0.98046875 0.7875 0.021875 0.0625
1 0.0265625 0.75390625 0.053125 0.0828125
13 0.14765625 0.63671875 0.015625 0.02890625
1 0.1234375 0.6328125 0.02890625 0.03046875
1 0.28125 0.5671875 0.03671875 0.0390625
1 0.37421875 0.57265625 0.03984375 0.04296875