1 0.39765625 0.5640625 0.3203125 0.26640625
8 0.41328125 0.38671875 0.0515625 0.06953125
8 0.59140625 0.06171875 0.05859375 0.08515625
8 0.95625 0.1421875 0.078125 0.1125
8 0.58125 0.08515625 0.2171875 0.15546875
8 0.79765625 0.3140625 0.03046875 0.0359375
8 0.78125 0.42265625 0.0421875 0.0515625
8 0.815625 0.33671875 0.0265625 0.0359375
8 0.828125 0.3609375 0.02578125 0.040625
8 0.84453125 0.3953125 0.028125 0.0484375
8 0.92890625 0.28515625 0.028125 0.0390625
8 0.92734375 0.3765625 0.01953125 0.034375
8 0.8359375 0.52890625 0.0359375 0.053125
8 0.8625 0.428125 0.025 0.03203125
8 0.92734375 0.41640625 0.02890625 0.04609375
1 0.8921875 0.52734375 0.11484375 0.18515625
13 0.115625 0.515625 0.06640625 0.2078125
13 0.19140625 0.52265625 0.053125 0.21328125
1 0.2203125 0.56875 0.0859375 0.16328125
13 0.6875 0.49296875 0.01953125 0.06484375