1 0.39609375 0.87734375 0.09765625 0.12265625
1 0.58671875 0.88359375 0.10390625 0.121875
1 0.48515625 0.9671875 0.109375 0.0640625
1 0.53515625 0.8015625 0.0640625 0.09609375
1 0.59609375 0.76484375 0.053125 0.06796875
1 0.72890625 0.73828125 0.0546875 0.08046875
1 0.69140625 0.684375 0.04375 0.05390625
1 0.7453125 0.6203125 0.05390625 0.07265625
1 0.821875 0.60078125 0.05546875 0.090625
1 0.7671875 0.53359375 0.03125 0.04140625
1 0.8 0.5296875 0.03046875 0.04609375
1 0.86484375 0.503125 0.0328125 0.0375
1 0.93828125 0.525 0.03359375 0.04609375
1 0.96875 0.49921875 0.03828125 0.04765625
1 0.87265625 0.65703125 0.0484375 0.05234375
1 0.85703125 0.690625 0.05 0.053125
1 0.1140625 0.63828125 0.05234375 0.05859375
1 0.23515625 0.71171875 0.06484375 0.0625
1 0.284375 0.7265625 0.04765625 0.06171875
1 0.3609375 0.65390625 0.04375 0.0625
1 0.36875 0.60546875 0.04296875 0.0640625
1 0.41796875 0.64921875 0.0515625 0.06796875
1 0.4453125 0.6203125 0.0453125 0.10234375
1 0.3515625 0.48125 0.034375 0.0515625
1 0.32109375 0.52734375 0.0453125 0.0421875
1 0.2921875 0.55546875 0.0453125 0.03984375
1 0.20234375 0.53515625 0.04140625 0.05703125
1 0.453125 0.44453125 0.03359375 0.04453125
1 0.0890625 0.5140625 0.03828125 0.0453125
1 0.06640625 0.4953125 0.0328125 0.04375
1 0.15390625 0.46328125 0.03203125 0.04296875
1 0.17578125 0.44921875 0.03046875 0.05859375
1 0.48828125 0.37890625 0.04296875 0.07265625
1 0.38359375 0.49609375 0.03359375 0.0578125
1 0.67265625 0.41328125 0.0296875 0.05703125
1 0.7359375 0.559375 0.03828125 0.046875
1 0.85078125 0.44375 0.02265625 0.034375
5 0.97265625 0.78359375 0.05390625 0.1015625