1 0.06484375 0.51015625 0.03828125 0.04765625
1 0.1296875 0.5171875 0.04765625 0.05546875
1 0.13671875 0.4421875 0.0484375 0.09453125
1 0.08984375 0.42265625 0.05546875 0.09453125
1 0.07578125 0.471875 0.04765625 0.03828125
1 0.3203125 0.584375 0.05234375 0.0625
1 0.30390625 0.4875 0.04140625 0.05234375
1 0.3625 0.4734375 0.04140625 0.06328125
1 0.334375 0.3890625 0.046875 0.0453125
1 0.365625 0.359375 0.04765625 0.06796875
1 0.3390625 0.31953125 0.03203125 0.034375
1 0.29765625 0.30625 0.025 0.028125
1 0.30390625 0.2796875 0.02109375 0.02578125
1 0.2625 0.2890625 0.0296875 0.03359375
1 0.42421875 0.4953125 0.05234375 0.0625
1 0.390625 0.57734375 0.06484375 0.07109375
1 0.4703125 0.61796875 0.0609375 0.06328125
1 0.15703125 0.384375 0.04296875 0.0796875
1 0.2046875 0.3828125 0.03125 0.03828125
1 0.2078125 0.3484375 0.02421875 0.025
1 0.21171875 0.31328125 0.02421875 0.0375
1 0.15625 0.2875 0.025 0.0359375
1 0.18203125 0.296875 0.03046875 0.0546875
1 0.10390625 0.61953125 0.065625 0.06640625
1 0.04296875 0.546875 0.06015625 0.04453125
1 0.04609375 0.590625 0.05078125 0.053125
1 0.0328125 0.65546875 0.05703125 0.07265625
1 0.0875 0.73671875 0.07109375 0.08515625
1 0.175 0.7078125 0.059375 0.07734375
1 0.3453125 0.725 0.0703125 0.0828125
1 0.05234375 0.3421875 0.04609375 0.0796875
1 0.20703125 0.24921875 0.0390625 0.03203125
1 0.128125 0.3515625 0.03125 0.0359375
1 0.146875 0.3265625 0.02734375 0.02578125
1 0.01953125 0.73125 0.0390625 0.07890625
1 0.5296875 0.4625 0.05859375 0.125
1 0.5796875 0.478125 0.03828125 0.04453125
1 0.68515625 0.50546875 0.04921875 0.05546875
1 0.63671875 0.525 0.04375 0.05
1 0.66640625 0.5734375 0.04921875 0.05703125
1 0.5984375 0.53125 0.046875 0.0515625
1 0.5953125 0.32265625 0.0234375 0.02265625
1 0.62421875 0.37265625 0.0453125 0.05625
1 0.653125 0.43515625 0.04765625 0.06953125
1 0.71015625 0.55 0.0453125 0.0390625
1 0.7296875 0.60390625 0.0640625 0.05703125
1 0.7984375 0.628125 0.059375 0.06796875
1 0.86015625 0.67421875 0.0828125 0.0765625
1 0.890625 0.6234375 0.0734375 0.0640625
1 0.82890625 0.5921875 0.07109375 0.0671875
1 0.76875 0.56328125 0.05859375 0.06015625
1 0.97265625 0.6578125 0.05390625 0.0828125
1 0.61484375 0.7046875 0.1 0.06015625
1 0.57265625 0.65625 0.09609375 0.07890625
11 0.803125 0.82890625 0.39375 0.34140625