5 0.921875 0.1859375 0.096875 0.26484375
5 0.85625 0.2484375 0.0640625 0.1359375
5 0.66796875 0.284375 0.04296875 0.1109375
5 0.51015625 0.29609375 0.05 0.12421875
5 0.37265625 0.315625 0.04765625 0.08515625
5 0.18203125 0.34375 0.03203125 0.0828125
5 0.628125 0.6875 0.06640625 0.39921875
5 0.76171875 0.55 0.040625 0.2609375
5 0.709375 0.4859375 0.0421875 0.15234375
5 0.621875 0.44765625 0.04296875 0.14453125
5 0.45625 0.44375 0.03359375 0.10625
5 0.51796875 0.44609375 0.04140625 0.13046875
5 0.5671875 0.43359375 0.03671875 0.14453125
5 0.2578125 0.44296875 0.02265625 0.125
5 0.32421875 0.43828125 0.02421875 0.115625