1 0.3078125 0.70234375 0.078125 0.09921875
1 0.32890625 0.66015625 0.0625 0.071875
1 0.4375 0.76015625 0.09453125 0.1203125
1 0.57265625 0.5765625 0.05234375 0.06796875
1 0.5609375 0.48671875 0.059375 0.1046875
1 0.48125 0.5109375 0.0484375 0.05
1 0.3984375 0.52890625 0.0421875 0.04375
1 0.43984375 0.45078125 0.03203125 0.03671875
1 0.4546875 0.41875 0.03046875 0.03984375
1 0.50546875 0.43671875 0.0234375 0.0265625
1 0.49453125 0.425 0.021875 0.03046875
1 0.50546875 0.390625 0.01875 0.0296875
1 0.46484375 0.39453125 0.0234375 0.03359375
1 0.540625 0.3953125 0.0234375 0.03203125
1 0.14453125 0.43671875 0.0390625 0.0421875
1 0.20546875 0.43515625 0.03515625 0.034375
1 0.2671875 0.35703125 0.03671875 0.04609375
1 0.26015625 0.39140625 0.025 0.028125
1 0.2875 0.39609375 0.0203125 0.02578125
1 0.30859375 0.390625 0.01875 0.02578125
1 0.3171875 0.3609375 0.01640625 0.0234375
1 0.3453125 0.3375 0.01796875 0.03359375
1 0.3734375 0.3265625 0.01640625 0.0234375
1 0.390625 0.325 0.01796875 0.028125
1 0.04296875 0.4921875 0.0375 0.03984375
1 0.08984375 0.40546875 0.04375 0.05546875
1 0.10234375 0.46484375 0.03046875 0.03828125
1 0.58828125 0.36484375 0.0203125 0.02421875
1 0.50859375 0.36484375 0.01953125 0.0234375
1 0.48359375 0.37109375 0.01796875 0.02578125
1 0.534375 0.35703125 0.01640625 0.0203125
1 0.56015625 0.36875 0.01953125 0.01640625
1 0.5125 0.33125 0.01796875 0.01796875
1 0.53046875 0.3328125 0.01484375 0.02421875
1 0.33828125 0.38046875 0.02265625 0.028125
1 0.34765625 0.36875 0.01796875 0.02421875
1 0.36796875 0.34765625 0.01328125 0.01640625
1 0.375 0.36015625 0.021875 0.02265625
1 0.39609375 0.34609375 0.0140625 0.02109375
1 0.54296875 0.32578125 0.01015625 0.021875
1 0.55546875 0.328125 0.01015625 0.01484375
24 0.76875 0.50390625 0.0296875 0.1046875
5 0.7140625 0.428125 0.01875 0.0703125
5 0.76875 0.46640625 0.02421875 0.04453125
5 0.59609375 0.3140625 0.065625 0.046875
5 0.50625 0.303125 0.02734375 0.02578125
5 0.5453125 0.30390625 0.025 0.0265625
5 0.81640625 0.52421875 0.025 0.03828125
24 0.94140625 0.5125 0.021875 0.25
24 0.81796875 0.5765625 0.0125 0.07890625
24 0.68359375 0.38359375 0.01875 0.103125
5 0.03046875 0.32109375 0.0578125 0.0546875
5 0.18828125 0.3546875 0.0296875 0.03046875
5 0.2359375 0.3421875 0.02734375 0.0390625
5 0.303125 0.32109375 0.02734375 0.0265625
1 0.03203125 0.3671875 0.03359375 0.040625