1 0.421875 0.784375 0.0828125 0.16875
1 0.36328125 0.66953125 0.06640625 0.134375
1 0.378125 0.58359375 0.0515625 0.125
1 0.23984375 0.55703125 0.05234375 0.12734375
1 0.3140625 0.478125 0.04453125 0.11484375
1 0.33828125 0.33828125 0.0328125 0.08984375
1 0.29609375 0.34296875 0.03671875 0.08203125
1 0.33125 0.26484375 0.0359375 0.065625
1 0.2734375 0.23515625 0.034375 0.0609375
1 0.3 0.215625 0.0265625 0.0546875
1 0.55390625 0.4453125 0.06171875 0.11796875
1 0.609375 0.56640625 0.075 0.1421875
1 0.67890625 0.67734375 0.0703125 0.19140625
1 0.52578125 0.72109375 0.08359375 0.1546875
1 0.496875 0.64609375 0.07109375 0.1484375
1 0.44609375 0.54140625 0.059375 0.1296875
1 0.36953125 0.459375 0.04453125 0.1234375
1 0.39609375 0.43046875 0.040625 0.09296875
1 0.41796875 0.39375 0.034375 0.09453125
9 0.43515625 0.2640625 0.01875 0.07265625
9 0.46796875 0.29296875 0.01953125 0.07421875
1 0.46171875 0.24375 0.03203125 0.06953125
1 0.51796875 0.3125 0.0359375 0.0765625
1 0.19453125 0.146875 0.02109375 0.05234375
1 0.2171875 0.14609375 0.02265625 0.05078125
1 0.24453125 0.16015625 0.02890625 0.05078125
1 0.15234375 0.1359375 0.02421875 0.034375
9 0.1765625 0.6984375 0.0296875 0.12265625
9 0.28671875 0.86015625 0.03984375 0.18515625
9 0.4390625 0.92109375 0.05 0.1578125
9 0.24609375 0.29296875 0.01796875 0.06484375
9 0.2625 0.28515625 0.02109375 0.071875
9 0.58515625 0.3609375 0.02265625 0.09375
9 0.54765625 0.284375 0.01796875 0.0984375
9 0.5859375 0.29453125 0.02421875 0.0859375
9 0.61171875 0.30859375 0.02421875 0.06875
9 0.62890625 0.37265625 0.028125 0.103125
9 0.78671875 0.55859375 0.03671875 0.13984375
1 0.7171875 0.559375 0.075 0.21640625
9 0.2078125 0.2421875 0.0171875 0.07421875
9 0.22734375 0.21875 0.01640625 0.0609375
9 0.21796875 0.16796875 0.01484375 0.053125
9 0.13203125 0.14921875 0.01875 0.0515625
9 0.37109375 0.16484375 0.01328125 0.06015625
9 0.33515625 0.16171875 0.01796875 0.053125
9 0.30546875 0.13984375 0.015625 0.04296875
1 0.03125 0.50234375 0.04765625 0.084375
1 0.03515625 0.3765625 0.028125 0.06015625
1 0.04140625 0.36328125 0.028125 0.05625
13 0.1015625 0.6859375 0.0328125 0.17578125
9 0.17265625 0.140625 0.0109375 0.0625