1 0.7265625 0.49921875 0.05 0.07265625
1 0.43671875 0.46796875 0.05546875 0.07421875
1 0.534375 0.3625 0.03046875 0.0578125
1 0.21328125 0.5359375 0.09140625 0.0640625
1 0.30234375 0.4375 0.0546875 0.06328125
1 0.2703125 0.3875 0.04375 0.03671875
1 0.32734375 0.38125 0.0390625 0.0546875
1 0.38515625 0.35 0.03203125 0.03359375
1 0.421875 0.34609375 0.02890625 0.04296875
1 0.42265625 0.30859375 0.0234375 0.03359375
1 0.496875 0.34921875 0.028125 0.0359375
1 0.55078125 0.290625 0.02734375 0.0390625
1 0.38828125 0.3140625 0.02890625 0.02421875
13 0.08203125 0.41796875 0.02109375 0.0484375
13 0.61015625 0.4 0.02578125 0.0546875
1 0.46484375 0.29765625 0.05546875 0.040625
7 0.71328125 0.86328125 0.3765625 0.06015625