27 0.065625 0.315625 0.08828125 0.1109375
27 0.178125 0.18515625 0.040625 0.05703125
27 0.39921875 0.45859375 0.10234375 0.121875
27 0.6265625 0.7234375 0.09921875 0.1140625
27 0.40703125 0.72578125 0.03828125 0.04296875
27 0.51875 0.58828125 0.02421875 0.040625
27 0.28515625 0.8578125 0.04140625 0.04453125
27 0.73671875 0.8609375 0.02890625 0.03984375
27 0.628125 0.1828125 0.03671875 0.0515625
27 0.515625 0.04375 0.02890625 0.05
27 0.40234375 0.1828125 0.03125 0.0515625
27 0.2953125 0.0484375 0.0359375 0.04921875
27 0.0640625 0.0484375 0.03125 0.0375
27 0.7375 0.315625 0.0859375 0.09765625
27 0.85546875 0.45 0.03515625 0.04453125
27 0.628125 0.45234375 0.03671875 0.03671875
27 0.18125 0.45 0.03515625 0.04453125
27 0.73515625 0.04453125 0.028125 0.04921875
27 0.8484375 0.1828125 0.03515625 0.05390625
7 0.2140625 0.95703125 0.3703125 0.07734375
7 0.91171875 0.95703125 0.10546875 0.06640625
27 0.96875 0.04765625 0.03046875 0.04375