15 0.47890625 0.5609375 0.21171875 0.0625
15 0.58203125 0.7859375 0.14453125 0.0828125
15 0.53984375 0.43671875 0.10625 0.0328125
15 0.58203125 0.7875 0.1515625 0.09453125
15 0.78046875 0.6109375 0.175 0.05234375
15 0.728125 0.41484375 0.0890625 0.01953125
15 0.7390625 0.46875 0.06484375 0.0265625
15 0.38203125 0.3765625 0.084375 0.02265625
15 0.7234375 0.96640625 0.1203125 0.06328125
15 0.7171875 0.67890625 0.25390625 0.06875
15 0.63359375 0.6265625 0.10078125 0.0328125
15 0.58515625 0.34765625 0.06328125 0.015625
15 0.28671875 0.325 0.034375 0.0203125
15 0.65859375 0.2875 0.05703125 0.015625
15 0.66640625 0.390625 0.09375 0.03203125
15 0.26640625 0.51328125 0.1328125 0.046875
15 0.4203125 0.4828125 0.20625 0.03515625
15 0.6015625 0.51328125 0.19609375 0.04609375