1 0.21640625 0.28515625 0.23671875 0.19765625
1 0.03125 0.234375 0.06171875 0.06953125
1 0.646875 0.22578125 0.05859375 0.04296875
1 0.68359375 0.22421875 0.0328125 0.040625
1 0.70703125 0.2265625 0.02734375 0.034375
1 0.72421875 0.225 0.04375 0.0375
1 0.75546875 0.225 0.03125 0.03515625
1 0.7734375 0.2265625 0.0203125 0.03046875
1 0.89140625 0.2453125 0.1046875 0.0796875
1 0.96796875 0.23828125 0.0484375 0.03515625
4 0.5140625 0.15703125 0.3421875 0.146875
4 0.35234375 0.11640625 0.259375 0.19453125
15 0.56796875 0.54453125 0.096875 0.0390625
15 0.484375 0.50546875 0.08984375 0.06015625
15 0.553125 0.4484375 0.0328125 0.02421875