1 0.7961333333333334 0.5257121661721068 0.1256 0.20869436201780414
1 0.33805833333333335 0.5088278931750742 0.06611666666666667 0.09183976261127597
1 0.6026 0.4431008902077151 0.04186666666666667 0.11468842729970326
1 0.5855166666666667 0.3189910979228487 0.037700000000000004 0.06824925816023739
1 0.3673666666666667 0.3573293768545994 0.06473333333333334 0.0855786350148368
1 0.03399166666666666 0.4983086053412463 0.06465 0.07080118694362017
1 0.10955833333333333 0.4770326409495549 0.059116666666666665 0.07572700296735906
1 0.026525 0.8177596439169139 0.049716666666666666 0.16370919881305637
8 0.3621583333333333 0.44351632047477746 0.020983333333333333 0.062106824925816026
8 0.335975 0.4433976261127597 0.02861666666666667 0.055934718100890214
8 0.6339583333333333 0.4186646884272997 0.017916666666666668 0.06581602373887241
8 0.6424 0.3630118694362018 0.0148 0.04353115727002967
8 0.8648916666666666 0.4422255192878338 0.029783333333333335 0.07139465875370919