1 0.7265937499999999 0.49883333333333335 0.050062499999999996 0.07266666666666667
1 0.43697656250000005 0.4683229166666667 0.055203125 0.07414583333333334
1 0.5340859375 0.3621979166666666 0.030671874999999998 0.05772916666666667
1 0.21299218749999999 0.5362916666666667 0.091609375 0.06425
1 0.3022109375 0.43786458333333333 0.054421874999999995 0.06322916666666667
1 0.2704375 0.38719791666666664 0.044 0.036895833333333336
1 0.3273984375 0.3815416666666666 0.039171875 0.05475
1 0.3848125 0.3502916666666666 0.032125 0.03391666666666667
1 0.42220312499999996 0.34641666666666665 0.02878125 0.04283333333333333
1 0.4225390625 0.3086145833333333 0.023203124999999998 0.03389583333333333
1 0.49702343750000005 0.34919791666666666 0.028421875000000003 0.035895833333333335
1 0.5511640625 0.29025 0.027328124999999998 0.03883333333333334
1 0.3880078125 0.3140625 0.029140624999999996 0.023958333333333335
12 0.0823203125 0.41815625 0.020890625 0.0488125
12 0.609796875 0.40030208333333334 0.02584375 0.05477083333333333
1 0.4651015625 0.29750000000000004 0.055203125 0.04083333333333334
6 0.7133671875 0.8635208333333334 0.376734375 0.060375