26 0.3439 0.7264600938967136 0.061646153846153844 0.08015023474178404
26 0.11646923076923077 0.44537089201877933 0.06832307692307692 0.07571830985915493
26 0.575723076923077 0.4441549295774648 0.07452307692307691 0.0807981220657277
26 0.8071615384615384 0.16005633802816902 0.06047692307692308 0.075981220657277
26 0.8061999999999999 0.7255211267605634 0.06624615384615384 0.08015023474178404
26 0.5750846153846154 0.7243943661971831 0.11170769230769231 0.15489201877934272
26 0.8059461538461539 0.4406807511737089 0.10727692307692309 0.14145539906103288
26 0.12156923076923079 0.15896713615023475 0.10775384615384616 0.13389671361502348
26 0.33925384615384613 0.16252112676056338 0.07543076923076923 0.06776525821596244
26 0.5761115384615384 0.16209389671361502 0.10145384615384614 0.12137089201877933
26 0.34275 0.4469014084507042 0.10396153846153847 0.11446009389671362
26 0.11188846153846152 0.7247793427230047 0.1007 0.12749295774647887
6 0.16905384615384617 0.9587464788732395 0.31964615384615386 0.07148356807511737
6 0.8825653846153847 0.956319248826291 0.20666923076923077 0.06287323943661971