26 0.7367576923076923 0.3190994764397906 0.08736153846153846 0.10835602094240838
26 0.40056153846153847 0.45752879581151834 0.08266153846153845 0.1003979057591623
26 0.2943923076923077 0.31263350785340316 0.030323076923076925 0.03887958115183247
26 0.06534615384615385 0.32505759162303666 0.08915384615384615 0.11189528795811518
26 0.18353076923076922 0.4520418848167539 0.020907692307692308 0.030785340314136125
26 0.18106153846153847 0.7268848167539267 0.028276923076923074 0.04225130890052356
26 0.40378461538461535 0.7243089005235602 0.03987692307692308 0.049664921465968584
26 0.5137307692307692 0.5902931937172775 0.029 0.05179057591623037
26 0.6262115384615385 0.17881151832460732 0.037038461538461534 0.04767539267015707
26 0.06053461538461538 0.04610471204188482 0.033376923076923075 0.04194764397905759
26 0.2887692307692308 0.04479581151832461 0.04369230769230769 0.04980104712041885
26 0.5150153846153847 0.04706282722513089 0.03926153846153846 0.04805235602094241
26 0.7396884615384616 0.046193717277486904 0.04091538461538461 0.046314136125654444
26 0.9641076923076922 0.04436125654450261 0.037446153846153844 0.048931937172774866
26 0.9657076923076924 0.32191099476439794 0.03295384615384615 0.05952879581151833
26 0.8555038461538461 0.4484659685863875 0.0387 0.050858638743455496
26 0.29646153846153844 0.8582251308900524 0.04369230769230769 0.05571727748691099
26 0.5115538461538461 0.8565235602094241 0.043107692307692305 0.06487958115183245
26 0.6227230769230769 0.7281413612565445 0.10083076923076924 0.1180628272251309
26 0.7385038461538461 0.5933350785340314 0.04316153846153846 0.04949738219895288
26 0.8526192307692307 0.7132984293193718 0.04062307692307692 0.04649214659685864
26 0.9637538461538462 0.855565445026178 0.04289230769230769 0.05877486910994765
26 0.7381807692307693 0.8524659685863875 0.042515384615384615 0.05048167539267016
26 0.9699076923076924 0.5868586387434556 0.027507692307692306 0.04910994764397906
26 0.5111692307692307 0.3176020942408377 0.03926153846153846 0.0446282722513089
26 0.1772153846153846 0.18047120418848167 0.028276923076923074 0.04680628272251309
26 0.4037807692307692 0.1818219895287958 0.032176923076923075 0.041130890052356026
26 0.8512730769230769 0.18540314136125655 0.03485384615384616 0.05248167539267015
26 0.06470384615384615 0.8568743455497383 0.03402307692307692 0.05092146596858639
6 0.21438846153846158 0.9560261780104712 0.37031538461538466 0.07540314136125655
6 0.9099384615384616 0.9585130890052356 0.10603076923076923 0.07409424083769633