1 0.3080050505050505 0.7025521821631878 0.07813131313131313 0.09960151802656547
1 0.32911616161616164 0.6602087286527515 0.06227272727272727 0.07184060721062618
1 0.43732954545454544 0.7602277039848198 0.09435606060606061 0.12007590132827324
1 0.5727020202020202 0.5766508538899431 0.051969696969696964 0.06791271347248577
1 0.5612752525252525 0.4869639468690702 0.05941919191919192 0.10485768500948767
1 0.4814267676767677 0.5107115749525616 0.04871212121212121 0.04988614800759013
1 0.39863005050505046 0.5286622390891841 0.04220959595959596 0.04404174573055029
1 0.44017676767676767 0.4509962049335864 0.031868686868686866 0.036717267552182166
1 0.45467803030303033 0.41853889943074 0.03056818181818182 0.04011385199240987
1 0.5054166666666667 0.4363946869070209 0.023459595959595958 0.026489563567362432
1 0.494665404040404 0.4250569259962049 0.02215909090909091 0.030379506641366228
1 0.5055113636363636 0.3904079696394687 0.01859848484848485 0.02939278937381404
1 0.4650063131313132 0.39425047438330174 0.0234469696969697 0.033282732447817834
1 0.5407765151515151 0.3954174573055028 0.02347222222222222 0.031821631878557875
1 0.1444570707070707 0.43659392789373813 0.038914141414141415 0.04206831119544592
1 0.20565656565656565 0.43483870967741933 0.035050505050505054 0.034762808349146114
1 0.2669128787878788 0.3569259962049336 0.0363510101010101 0.045920303605313094
1 0.25982323232323234 0.39157495256166985 0.024696969696969696 0.02793168880455408
1 0.28786616161616163 0.39629032258064517 0.02017676767676768 0.025977229601518027
1 0.30868055555555557 0.3903510436432638 0.018876262626262626 0.025483870967741934
1 0.31748737373737373 0.36091081593927893 0.01628787878787879 0.023529411764705882
1 0.34498106060606065 0.33731499051233393 0.018244949494949494 0.033263757115749526
1 0.3732133838383838 0.3267457305502846 0.01662878787878788 0.02351043643263757
1 0.39044191919191923 0.32538899430740037 0.018257575757575757 0.02838709677419355
1 0.04279040404040404 0.49231499051233396 0.0376010101010101 0.0396584440227704
1 0.09022095959595959 0.40544592030360527 0.04407828282828282 0.055673624288425046
1 0.10252525252525253 0.46500948766603417 0.030808080808080805 0.038178368121442124
1 0.5885669191919192 0.3651992409867173 0.02056818181818182 0.024516129032258065
1 0.5086868686868686 0.36446869070208726 0.0198989898989899 0.023055028462998103
1 0.48388257575757576 0.3713757115749526 0.01827020202020202 0.025483870967741934
1 0.5346906565656566 0.35731499051233395 0.0163510101010101 0.020132827324478176
1 0.5604608585858586 0.3688899430740038 0.01991161616161616 0.016717267552182166
1 0.5126073232323233 0.33142314990512334 0.017638888888888888 0.017685009487666034
1 0.5302525252525252 0.3329316888045541 0.01505050505050505 0.024497153700189754
1 0.3384090909090909 0.38018026565464896 0.022777777777777775 0.02791271347248577
1 0.34750631313131314 0.3687476280834915 0.018244949494949494 0.024022770398481975
1 0.36780934343434346 0.3480170777988615 0.013396464646464646 0.016717267552182166
1 0.3747032828282828 0.360426944971537 0.022133838383838384 0.022561669829222013
1 0.39575126262626265 0.3464136622390892 0.013724747474747473 0.021100569259962048
1 0.5431376262626263 0.3260151802656547 0.010517676767676768 0.02204933586337761
1 0.5554419191919192 0.32806451612903226 0.009873737373737375 0.01476280834914611
23 0.7684659090909091 0.5038045540796964 0.029356060606060608 0.10438330170777989
4 0.7138699494949495 0.4279316888045541 0.018648989898989898 0.07028462998102467
4 0.7683964646464647 0.46627134724857683 0.024166666666666666 0.04449715370018975
4 0.5960795454545454 0.3137571157495256 0.06589646464646465 0.04686907020872865
4 0.5062626262626262 0.303045540796964 0.027676767676767678 0.025445920303605315
4 0.5452083333333333 0.3037760910815939 0.02476010101010101 0.026907020872865273
4 0.8167108585858587 0.523842504743833 0.02483585858585859 0.03819734345351043
23 0.9413699494949496 0.5122865275142315 0.021628787878787876 0.2503795066413662
23 0.8181313131313132 0.5765559772296016 0.012525252525252524 0.07910815939278937
23 0.6837310606060606 0.3837476280834915 0.018977272727272728 0.10335863377609109
4 0.030258838383838384 0.3214516129032258 0.05799242424242424 0.05466793168880455
4 0.1879103535353535 0.3548292220113852 0.02986111111111111 0.030341555977229602
4 0.23586489898989899 0.3421252371916509 0.027285353535353534 0.039089184060721066
4 0.3029545454545455 0.32086337760910816 0.027626262626262624 0.026925996204933585
1 0.03184343434343434 0.36753320683111956 0.033383838383838384 0.04056925996204933