1 0.43948333333333334 0.7290222222222222 0.19896666666666665 0.19137777777777779
1 0.7533333333333333 0.7183444444444445 0.21333333333333335 0.26335555555555556
1 0.7275 0.8877777777777778 0.23833333333333334 0.22444444444444445
1 0.877275 0.4371555555555556 0.13121666666666668 0.14097777777777779
1 0.8267083333333333 0.31125555555555556 0.13674999999999998 0.1425111111111111
1 0.9438666666666667 0.24372222222222223 0.10106666666666667 0.10966666666666668
1 0.6262916666666666 0.29235555555555554 0.11925 0.10915555555555555
1 0.7433666666666666 0.2330888888888889 0.08673333333333333 0.10173333333333334
1 0.6288250000000001 0.19815555555555556 0.08431666666666668 0.07631111111111112
1 0.49619166666666664 0.14533333333333334 0.07238333333333333 0.05511111111111111
1 0.44971666666666665 0.06143333333333333 0.07276666666666666 0.0562
1 0.5115916666666667 0.09795555555555555 0.05651666666666666 0.06257777777777777
1 0.5558833333333333 0.12287777777777778 0.06843333333333333 0.07686666666666668
1 0.5865166666666667 0.16267777777777778 0.07636666666666667 0.08535555555555555
1 0.612 0.115 0.05733333333333333 0.07
1 0.6587916666666667 0.1496111111111111 0.06091666666666666 0.06366666666666666
1 0.187825 0.19924444444444445 0.08898333333333333 0.07848888888888889
1 0.11115 0.21374444444444446 0.08896666666666667 0.07637777777777777
1 0.04605833333333333 0.20305555555555554 0.09211666666666667 0.08166666666666667
1 0.13265833333333332 0.12833333333333333 0.07865 0.09222222222222222
1 0.16765833333333333 0.10251111111111112 0.06198333333333333 0.058355555555555556
1 0.18194166666666664 0.07192222222222222 0.040549999999999996 0.0594
1 0.23770833333333333 0.10272222222222223 0.06875 0.07211111111111111
1 0.30346666666666666 0.10737777777777778 0.06359999999999999 0.08586666666666667
1 0.40959166666666663 0.021477777777777776 0.05251666666666667 0.04295555555555555
1 0.4031666666666667 0.02301111111111111 0.10966666666666666 0.03713333333333334
1 0.17504166666666668 0.025766666666666667 0.050083333333333334 0.038200000000000005