17 0.49904947916666664 0.9192578125 0.03455729166666666 0.084609375
17 0.4305598958333334 0.558974609375 0.006953125 0.02419921875
17 0.4325455729166667 0.583515625 0.0083203125 0.0225
17 0.4391276041666667 0.591259765625 0.011067708333333334 0.02626953125
17 0.4307877604166667 0.59955078125 0.007408854166666667 0.0194140625
17 0.42745442708333337 0.626083984375 0.0085546875 0.02560546875
17 0.4331640625 0.613056640625 0.006953125 0.01908203125
17 0.43481119791666667 0.6279296875 0.007643229166666667 0.021484375
17 0.44195963541666666 0.63900390625 0.011523437499999999 0.0280078125
17 0.44410807291666665 0.659296875 0.010611979166666667 0.025625
17 0.44632812499999996 0.679375 0.012447916666666668 0.03453125
17 0.45119140625 0.70271484375 0.0117578125 0.0304296875
17 0.45470703124999995 0.730322265625 0.013580729166666666 0.04267578125
17 0.46389322916666664 0.75787109375 0.016328125 0.0508984375
17 0.47300781249999996 0.800205078125 0.016328125 0.05744140625
17 0.48411458333333335 0.85390625 0.017708333333333333 0.06328125
1 0.25599609375 0.6058984375 0.0432421875 0.039921875
1 0.2566145833333333 0.64572265625 0.05489583333333333 0.0570703125
1 0.4838411458333333 0.577177734375 0.03278645833333333 0.03716796875
1 0.4832682291666666 0.480107421875 0.018619791666666666 0.02271484375
1 0.5931184895833334 0.56658203125 0.032591145833333335 0.0433203125
1 0.5832031249999999 0.632216796875 0.04401041666666666 0.05740234375
1 0.6469921875 0.77962890625 0.07783854166666666 0.1061328125
1 0.6305859375 0.87515625 0.09450520833333333 0.1175
1 0.5102994791666667 0.503828125 0.023203125 0.0271875
1 0.5107291666666667 0.488505859375 0.01885416666666667 0.01998046875
1 0.5151888020833334 0.469658203125 0.014752604166666667 0.02134765625
1 0.5439973958333334 0.4484765625 0.012473958333333333 0.014140625
1 0.5571809895833334 0.4534765625 0.0101953125 0.012421875
1 0.5718424479166667 0.45365234375 0.010872395833333333 0.0127734375
1 0.5389908854166666 0.490771484375 0.020690104166666667 0.03232421875
1 0.78697265625 0.90421875 0.09477864583333334 0.1209375
1 0.4067578125 0.444404296875 0.027057291666666667 0.05287109375
17 0.5234375 0.974609375 0.0234375 0.05078125
23 0.23764973958333332 0.296689453125 0.01696614583333333 0.06994140625
23 0.6768489583333334 0.340380859375 0.017760416666666667 0.05966796875
23 0.4372786458333333 0.46294921875 0.015182291666666667 0.0977734375