18 0.10861688311688313 0.49234411085450347 0.21723376623376625 0.8184064665127021
1 0.5000779220779221 0.5412355658198614 0.11703896103896104 0.14020785219399537
1 0.6165714285714285 0.47488452655889146 0.0798961038961039 0.14145496535796767
1 0.6790974025974026 0.47629330254041574 0.054298701298701305 0.08884526558891455
7 0.36668831168831173 0.13042725173210162 0.06324675324675325 0.08995381062355659
7 0.5781493506493507 0.3124711316397229 0.055 0.07528868360277137
7 0.6404155844155844 0.37245958429561205 0.034077922077922075 0.05669745958429561
7 0.6748376623376623 0.4000577367205543 0.027597402597402596 0.042609699769053114
7 0.4193246753246753 0.5392956120092378 0.05423376623376623 0.09013856812933026
7 0.21042857142857144 0.5732448036951501 0.078 0.13956120092378752
7 0.8436883116883117 0.5736951501154735 0.053610389610389615 0.15431870669745956
7 0.7927467532467531 0.5219745958429561 0.06081818181818181 0.12478060046189376