1 0.069574 0.8932033593281344 0.139148 0.10794241151769646
1 0.19862 0.8499340131973605 0.07084 0.10658668266346731
1 0.18305 0.7700419916016797 0.0525 0.03438512297540492
1 0.15146600000000002 0.8115596880623874 0.022932 0.02623875224955009
1 0.15823600000000002 0.7264217156568686 0.053272 0.08391721655668866
1 0.11304000000000002 0.7497150569886023 0.03648 0.054919016196760644
1 0.063462 0.7966676664667067 0.114924 0.05044391121775645
2 0.125054 0.08169466106778644 0.244508 0.1573905218956209
2 0.505188 0.08404619076184762 0.5383760000000001 0.16689262147570486
3 0.506434 0.34321235752849427 0.232868 0.10574085182963408
3 0.47998 0.4082933413317337 0.10795999999999999 0.04994001199760048
3 0.276518 0.21783143371325736 0.060236000000000005 0.17171565686862628
3 0.36298400000000003 0.2246610677864427 0.064368 0.14938212357528494
3 0.43585799999999997 0.22185062987402518 0.039716 0.04538092381523696
3 0.613464 0.21551589682063588 0.137328 0.03271145770845831
3 0.643814 0.32499700059988 0.127628 0.030917816436712656
3 0.567724 0.2665116976604679 0.077048 0.026724655068986202
1 0.903646 0.8947420515896821 0.035292000000000004 0.03543491301739652