6 0.3356150793650794 0.19307208994708996 0.2808531746031746 0.14341931216931217
6 0.4774020337301587 0.47145833333333337 0.07831597222222222 0.09833994708994709
4 0.36427455357142857 0.35849371693121695 0.4036483134920635 0.5007175925925926
1 0.5325979662698412 0.909728835978836 0.16142609126984128 0.17461640211640211
1 0.4124950396825397 0.854032738095238 0.03778769841269842 0.04338293650793651
1 0.45300843253968254 0.8430059523809523 0.034489087301587305 0.027943121693121693
2 0.7049950396825396 0.1235135582010582 0.24828373015873018 0.2470271164021164
2 0.0845858134920635 0.1635300925925926 0.169171626984127 0.3270601851851852
2 0.08115451388888888 0.4247189153439153 0.16131696428571426 0.1622685185185185
2 0.6849429563492063 0.40542989417989417 0.2255406746031746 0.20966931216931214
7 0.5840587797619048 0.5319262566137566 0.03369295634920635 0.036074735449735454