26 0.31979615384615384 0.18322698744769875 0.08728461538461538 0.11122384937238494
26 0.4323076923076923 0.31047071129707116 0.027692307692307693 0.03935146443514644
26 0.3207884615384615 0.4398587866108787 0.029269230769230766 0.04289748953974895
26 0.5445653846153846 0.17663702928870295 0.032207692307692305 0.043650627615062755
26 0.7683076923076922 0.17096757322175732 0.02584615384615385 0.042771966527196656
26 0.97455 0.1914173640167364 0.050638461538461535 0.08157949790794979
26 0.8778730769230768 0.31439330543933053 0.03420769230769231 0.036736401673640166
26 0.6589384615384616 0.3134309623430962 0.034800000000000005 0.04108786610878661
26 0.7734384615384615 0.44953451882845186 0.020723076923076924 0.03505230125523012
26 0.9892307692307692 0.4497907949790795 0.021538461538461538 0.04602510460251046
26 0.7699153846153846 0.7219612970711298 0.0906 0.10710251046025104
26 0.6599615384615385 0.8509205020920503 0.03223076923076923 0.04912133891213389
26 0.5516153846153846 0.7193096234309623 0.023230769230769232 0.049497907949790795
26 0.4288461538461538 0.8562395397489541 0.03923076923076923 0.04302301255230126
26 0.32303076923076923 0.7157792887029288 0.026061538461538462 0.04034518828451883
26 0.20532307692307694 0.8518357740585775 0.026030769230769232 0.032123430962343096
26 0.09762307692307692 0.7245449790794979 0.08755384615384615 0.10180962343096234
26 0.09733076923076923 0.45072698744769873 0.02696923076923077 0.04371338912133891
26 0.2059653846153846 0.3130857740585774 0.03500769230769231 0.044581589958158994
26 0.09861153846153846 0.17480648535564855 0.02183846153846154 0.04626569037656903
26 0.43423076923076925 0.043734309623430966 0.023846153846153847 0.049811715481171547
26 0.20606153846153846 0.04368723849372385 0.03212307692307692 0.0476255230125523
26 0.6605076923076922 0.03636506276150628 0.0364 0.0476255230125523
26 0.8842846153846153 0.038064853556485354 0.031646153846153845 0.04893305439330544
26 0.882423076923077 0.849612970711297 0.023307692307692307 0.03604602510460251
6 0.9116 0.9594717573221757 0.10473846153846153 0.06747907949790795
6 0.21627692307692306 0.9568566945606695 0.3725538461538461 0.07270920502092051