1 0.421505 0.7844418604651163 0.08301 0.16888372093023257
1 0.363385 0.6694302325581396 0.06677 0.1342093023255814
1 0.377945 0.5836162790697674 0.05189 0.1253720930232558
1 0.24004 0.5567441860465117 0.05208 0.12744186046511627
1 0.31416000000000005 0.47843023255813955 0.04432 0.115
1 0.33826999999999996 0.3380813953488372 0.03254 0.09011627906976744
1 0.296265 0.34325581395348836 0.03653 0.08186046511627908
1 0.330935 0.26519767441860465 0.03587 0.06527906976744186
1 0.273265 0.23495348837209304 0.03453 0.06060465116279069
1 0.30015499999999995 0.21582558139534885 0.02631 0.05490697674418604
1 0.553745 0.4450930232558139 0.06149 0.11809302325581396
1 0.60964 0.5663023255813954 0.07528 0.14190697674418606
1 0.679095 0.6771976744186047 0.07019 0.1916046511627907
1 0.52563 0.7213837209302325 0.08326 0.15439534883720932
1 0.49673500000000004 0.6461744186046512 0.07147 0.1481627906976744
1 0.44583999999999996 0.5414883720930233 0.05968 0.12948837209302325
1 0.36927499999999996 0.4595697674418605 0.04455 0.1237906976744186
1 0.39617 0.43034883720930234 0.04034 0.09325581395348838
1 0.41806 0.3936511627906977 0.03412 0.09427906976744185
8 0.43528 0.2641627906976744 0.01856 0.07251162790697674
8 0.46784 0.2928488372093023 0.01968 0.07406976744186047
1 0.46184 0.244 0.03168 0.0693953488372093
1 0.51785 0.3127558139534884 0.0357 0.07667441860465116
1 0.19469999999999998 0.1470813953488372 0.0214 0.052302325581395345
1 0.217365 0.14630232558139533 0.02273 0.05074418604651163
1 0.24425999999999998 0.1602674418604651 0.02852 0.05076744186046511
1 0.152135 0.13596511627906976 0.02427 0.034720930232558136
8 0.176695 0.698639534883721 0.02939 0.12286046511627907
8 0.287045 0.8601744186046512 0.04009 0.18546511627906978
8 0.439 0.9209302325581395 0.05 0.15813953488372093
8 0.246035 0.2928488372093023 0.01807 0.06476744186046512
8 0.262485 0.2848372093023256 0.02097 0.07200000000000001
8 0.5851900000000001 0.3608255813953488 0.02238 0.09374418604651164
8 0.54796 0.28406976744186047 0.017920000000000002 0.09837209302325581
8 0.5859650000000001 0.2941511627906977 0.02393 0.0859767441860465
8 0.61197 0.3088720930232558 0.023940000000000003 0.06890697674418604
8 0.629085 0.37246511627906975 0.02817 0.10306976744186047
8 0.786435 0.5582906976744186 0.03687 0.1398372093023256
1 0.7173200000000001 0.5593372093023256 0.07464 0.21634883720930234
8 0.207475 0.24194186046511626 0.01695 0.0745813953488372
8 0.227035 0.21893023255813954 0.01607 0.061116279069767444
8 0.21759 0.16827906976744186 0.015179999999999999 0.05283720930232558
8 0.132355 0.14915116279069768 0.01871 0.0517906976744186
8 0.37072000000000005 0.16491860465116276 0.013439999999999999 0.06006976744186046
8 0.334935 0.1615581395348837 0.01787 0.05334883720930233
8 0.30582 0.1401046511627907 0.01564 0.043
1 0.031015 0.5027209302325581 0.04803 0.08451162790697675
1 0.035125 0.37659302325581395 0.02825 0.06016279069767442
1 0.041235 0.36289534883720925 0.02847 0.05602325581395349
12 0.101575 0.6857209302325582 0.03315 0.17609302325581394
8 0.17258500000000002 0.14065116279069767 0.01117 0.06269767441860466