7 0.9670320512820513 0.03780833333333333 0.06483333333333334 0.07228333333333332
7 0.7596474358974359 0.052 0.037243589743589746 0.033999999999999996
7 0.6814743589743589 0.05799166666666667 0.029615384615384616 0.025983333333333334
7 0.05590384615384616 0.038483333333333335 0.045141025641025644 0.046966666666666664
7 0.27145512820512824 0.048791666666666664 0.03521794871794871 0.03091666666666667
7 0.35147435897435897 0.04891666666666667 0.02858974358974359 0.02783333333333333
7 0.393025641025641 0.05644999999999999 0.02194871794871795 0.0229
7 0.6433461538461539 0.05404166666666666 0.02771794871794872 0.024749999999999998
7 0.572724358974359 0.05589166666666666 0.017243589743589742 0.02845
7 0.5921025641025641 0.05268333333333333 0.020102564102564103 0.02536666666666667
7 0.6187884615384615 0.055766666666666666 0.01962820512820513 0.014866666666666667
7 0.4217564102564103 0.056383333333333334 0.015307692307692307 0.0161
7 0.45442948717948717 0.05551666666666667 0.019115384615384614 0.02103333333333333
7 0.6101474358974359 0.1495 0.05619230769230769 0.089
7 0.09731410256410257 0.174375 0.02283333333333333 0.025416666666666667
1 0.21461538461538462 0.16394166666666665 0.052307692307692305 0.04455