1 0.3975 0.5639513108614231 0.32 0.2664794007490637
7 0.413375 0.38692883895131086 0.05175 0.0697378277153558
7 0.5917875 0.06132958801498127 0.058575 0.0852059925093633
7 0.9564625 0.14241573033707863 0.07792500000000001 0.11254681647940075
7 0.5809624999999999 0.0852059925093633 0.21692499999999998 0.15543071161048688
7 0.7977375000000001 0.31395131086142325 0.030475 0.03614232209737828
7 0.780975 0.4229026217228465 0.04195 0.05179775280898877
7 0.815925 0.3364232209737828 0.02685 0.03614232209737828
7 0.8279000000000001 0.36125468164794006 0.0258 0.04086142322097378
7 0.8442125 0.3951310861423221 0.028425 0.04868913857677903
7 0.9292125 0.28554307116104866 0.028425 0.03925093632958802
7 0.9272875 0.3768539325842697 0.019575 0.03460674157303371
7 0.8356125 0.5285767790262172 0.036225 0.05340823970037453
7 0.86265 0.42812734082397 0.0253 0.03228464419475655
7 0.9269750000000001 0.41642322097378276 0.02895 0.04632958801498127
1 0.8924500000000001 0.5270973782771536 0.1149 0.1852808988764045
12 0.1156375 0.5159550561797752 0.066275 0.20794007490636704
12 0.19162500000000002 0.5224344569288389 0.05325 0.2134082397003745
1 0.2205375 0.5686329588014981 0.086075 0.16348314606741574
12 0.6872624999999999 0.4932209737827715 0.019525 0.0650936329588015