10 0.6700884955752212 0.6091601049868767 0.23693215339233037 0.4466666666666667
6 0.6669985250737464 0.5969947506561679 0.21305309734513272 0.11787401574803148
1 0.5600073746312685 0.46998687664041994 0.1406637168141593 0.13157480314960632
10 0.31731563421828907 0.4706824146981627 0.03876106194690266 0.16971128608923883
1 0.24183628318584072 0.4156561679790026 0.04119469026548672 0.059658792650918634
1 0.2918879056047198 0.42460629921259846 0.03805309734513274 0.05656167979002625
1 0.35236725663716817 0.4345406824146982 0.052817109144542775 0.06593175853018372
12 0.41101769911504427 0.44103674540682414 0.02262536873156342 0.06842519685039371
12 0.4848451327433629 0.4358530183727034 0.019837758112094393 0.07905511811023622
12 0.7530383480825958 0.5432020997375329 0.09014749262536872 0.314750656167979
13 0.28202802359882007 0.754251968503937 0.1746755162241888 0.04918635170603674