6 0.19951538461538462 0.9550835945663532 0.25595384615384614 0.08153605015673981
20 0.04119615384615385 0.951833855799373 0.05931538461538462 0.07921630094043887
26 0.11687307692307693 0.49281086729362594 0.0599 0.07862068965517241
26 0.34541923076923076 0.8064420062695925 0.06622307692307693 0.07683385579937305
26 0.5783846153846154 0.4904545454545455 0.066 0.08017763845350052
26 0.8082115384615385 0.8078317659352142 0.06719230769230769 0.08379310344827585
26 0.34678846153846155 0.1806060606060606 0.06280769230769231 0.07908045977011495
26 0.8081538461538461 0.18021943573667712 0.06861538461538462 0.07830721003134795
26 0.1176769230769231 0.17984848484848487 0.1168923076923077 0.13399164054336468
26 0.5765923076923076 0.17717868338557993 0.10703076923076922 0.1432810867293626
26 0.3428 0.498312434691745 0.09329230769230769 0.1209717868338558
26 0.8077 0.491619644723093 0.1030923076923077 0.1263949843260188
6 0.9252692307692307 0.9532706374085684 0.1213076923076923 0.06955067920585162