26 0.0655 0.31588912133891217 0.08792307692307692 0.11085774058577406
26 0.17794615384615384 0.18527719665271966 0.04050769230769231 0.05674686192468619
26 0.3995153846153846 0.4586192468619247 0.10210769230769232 0.12225941422594142
26 0.6264 0.7233629707112971 0.09895384615384614 0.11408995815899581
26 0.40685 0.7254916317991632 0.03831538461538462 0.04303347280334728
26 0.5184346153846154 0.5881694560669456 0.02456153846153846 0.04035564853556485
26 0.2853615384615385 0.8579759414225941 0.04149230769230769 0.04440376569037657
26 0.7367 0.8610251046025105 0.028784615384615388 0.0400418410041841
26 0.6283846153846153 0.18268828451882846 0.03676923076923077 0.051569037656903766
26 0.5159038461538461 0.0437081589958159 0.028730769230769233 0.04975941422594142
26 0.4027153846153846 0.18268828451882846 0.031584615384615385 0.051569037656903766
26 0.29494615384615386 0.048504184100418415 0.036046153846153846 0.04889121338912134
26 0.06421538461538462 0.048070083682008366 0.031507692307692306 0.037562761506276146
26 0.7376961538461538 0.31565376569037656 0.08616153846153847 0.0978347280334728
26 0.8553038461538461 0.44996338912133893 0.03522307692307692 0.044278242677824264
26 0.6283846153846153 0.4525366108786611 0.03676923076923077 0.036872384937238496
26 0.18153461538461538 0.44996338912133893 0.03537692307692308 0.044278242677824264
26 0.7348384615384616 0.04456589958158996 0.028138461538461536 0.04938284518828452
26 0.8482192307692308 0.18276150627615062 0.0349 0.053807531380753136
6 0.2142269230769231 0.9569456066945607 0.3699923076923077 0.07707112970711298
6 0.9120846153846154 0.9569456066945607 0.1057076923076923 0.06661087866108786
26 0.9684346153846153 0.047975941422594134 0.030715384615384617 0.043650627615062755