1 0.1179541015625 0.7575146198830409 0.177314453125 0.33666666666666667
1 0.2886181640625 0.5513084795321638 0.090908203125 0.17571637426900585
1 0.3560791015625 0.6463011695906432 0.059814453125 0.08207602339181287
1 0.411064453125 0.7688084795321638 0.08189453125 0.0902485380116959
1 0.4236474609375 0.5677119883040935 0.040654296875 0.06524853801169592
1 0.814326171875 0.7531067251461988 0.07982421875 0.1027046783625731
1 0.715751953125 0.6299926900584796 0.05845703125 0.07285087719298246
1 0.62828125 0.5447441520467836 0.0378125 0.06902046783625732
1 0.6683984375 0.5383552631578947 0.04578125 0.0533187134502924
1 0.556298828125 0.5302266081871345 0.04033203125 0.051681286549707606
1 0.59529296875 0.47135964912280703 0.0519140625 0.06845029239766082
1 0.5441796875 0.49491959064327484 0.035625 0.04247076023391813
1 0.5513427734375 0.4504020467836257 0.051904296875 0.0733187134502924
1 0.4908935546875 0.44151315789473683 0.024755859375 0.03214912280701754
1 0.46564453125 0.44622807017543864 0.0211328125 0.024035087719298246
1 0.3429833984375 0.47980263157894737 0.025810546875 0.0327046783625731
1 0.3609228515625 0.45131578947368417 0.026533203125 0.028362573099415204
1 0.33607421875 0.4529385964912281 0.0276171875 0.031608187134502926
1 0.343779296875 0.42716374269005847 0.02544921875 0.032690058479532165
1 0.321640625 0.41920321637426905 0.031953125 0.048932748538011696
1 0.3480810546875 0.36444444444444446 0.020380859375 0.03590643274853801
1 0.3658056640625 0.38139619883040937 0.016767578125 0.02887426900584795
1 0.3854833984375 0.3848099415204678 0.013154296875 0.024005847953216378
1 0.396083984375 0.40788011695906434 0.01677734375 0.017514619883040938
1 0.4265771484375 0.41053362573099417 0.021123046875 0.031593567251461986
1 0.4530908203125 0.4220687134502924 0.017509765625 0.02834795321637427