1 0.5156463414634146 0.6525652173913044 0.0703170731707317 0.17469565217391303
1 0.5297560975609756 0.48497826086956525 0.049756097560975605 0.09169565217391304
1 0.5773170731707317 0.4762826086956522 0.0473170731707317 0.083
1 0.5907317073170731 0.5592826086956522 0.05951219512195122 0.13595652173913042
1 0.6598536585365854 0.49441304347826087 0.05141463414634146 0.11056521739130434
1 0.6242804878048781 0.4306304347826087 0.02904878048780488 0.07865217391304348
1 0.7129024390243903 0.47265217391304354 0.05019512195121951 0.10182608695652175
1 0.7114878048780487 0.5791956521739131 0.052243902439024395 0.08882608695652174
1 0.7555975609756098 0.5165217391304348 0.05265853658536585 0.12000000000000001
1 0.7956463414634146 0.5806521739130436 0.059585365853658534 0.11782608695652175
1 0.5590243902439024 0.40234782608695646 0.039999999999999994 0.08295652173913043
1 0.5124756097560976 0.39619565217391306 0.04446341463414634 0.08804347826086957
1 0.5720365853658537 0.34800000000000003 0.031878048780487805 0.052521739130434786
1 0.6017073170731707 0.4012608695652174 0.032682926829268294 0.06339130434782608
1 0.6084268292682927 0.3363913043478261 0.03636585365853658 0.07278260869565217
1 0.5340243902439024 0.2911086956521739 0.09731707317073171 0.13873913043478261
1 0.6639146341463414 0.4306304347826087 0.04978048780487805 0.07865217391304348
8 0.6234634146341463 0.6625652173913043 0.03717073170731707 0.10773913043478262
8 0.657 0.6567608695652174 0.02619512195121951 0.12221739130434782
8 0.6712317073170732 0.6132826086956522 0.025390243902439026 0.09613043478260869
8 0.7869024390243903 0.7169130434782608 0.04209756097560976 0.1294782608695652
8 0.8684146341463415 0.714391304347826 0.03926829268292683 0.1592173913043478
8 0.9255365853658537 0.727804347826087 0.06082926829268293 0.1773478260869565
8 0.8305975609756098 0.6799782608695653 0.036804878048780486 0.1512608695652174