1 0.5354587378640777 0.8874071376547706 0.06217961165048544 0.08654042243262927
1 0.5358907766990291 0.80261835396941 0.06595631067961165 0.08447924253459577
1 0.5539077669902912 0.692898761835397 0.057330097087378636 0.08645302257829571
1 0.599138349514563 0.7610924981791697 0.0516747572815534 0.06989075018208303
1 0.6601771844660194 0.8305498907501822 0.07569417475728156 0.1257756737072105
1 0.7078082524271845 0.7912855061908229 0.047655339805825245 0.06181354697742171
1 0.6405412621359223 0.7364857975236708 0.05195631067961165 0.05855061908230153
1 0.7383956310679611 0.6971959213401311 0.07679126213592233 0.12855061908230153
1 0.6840728155339806 0.6690968681718864 0.03901941747572815 0.04758922068463219
1 0.6290242718446601 0.6179024034959941 0.04736893203883495 0.05445010924981792
1 0.6747669902912621 0.5559395484340859 0.03497087378640777 0.04997086671522214
1 0.6743349514563107 0.5219810633648944 0.031194174757281555 0.03740713765477058
1 0.6586116504854369 0.5000837581937364 0.029844660194174755 0.02565914056809905
1 0.8057184466019417 0.5610451565914057 0.059009708737864076 0.12281864530225782
1 0.7544684466019417 0.539748725418791 0.034179611650485435 0.0467225054624909
1 0.7127718446601942 0.6094027676620539 0.044961165048543694 0.05201747997086672
1 0.737881067961165 0.569293517844137 0.03498543689320388 0.03297887836853605
1 0.8059587378640777 0.47964675892206843 0.022597087378640777 0.03576839038601602
1 0.8464441747572815 0.4802148579752367 0.03366504854368932 0.032534595775673705
1 0.8279393203883495 0.45572833211944647 0.02286893203883495 0.03454479242534596
1 0.2889635922330097 0.8708157319737801 0.08181067961165049 0.09705753823743626
1 0.3350849514563107 0.8366569555717407 0.06725728155339807 0.07680990531682447
1 0.3737354368932039 0.7826256372906045 0.05620873786407767 0.07799708667152222
1 0.4086893203883495 0.7437727603787327 0.051359223300970876 0.07312454479242535
1 0.4419733009708738 0.6816096139839767 0.0567621359223301 0.09009468317552805
1 0.4823228155339806 0.6676839038601603 0.04328640776699029 0.08117989803350327
1 0.5168737864077669 0.6200910415149308 0.04248543689320388 0.06902403495994174
1 0.5512621359223301 0.5924071376547706 0.028737864077669904 0.061726147123088125
1 0.5623203883495146 0.5587363437727604 0.041145631067961166 0.08761107064821559
1 0.5935558252427184 0.5340458849235251 0.049247572815533984 0.08193008011653313
1 0.5733519417475729 0.49001092498179166 0.03602427184466019 0.04630007283321194
1 0.5386941747572815 0.4637035688273853 0.039524271844660196 0.05195193008011653
1 0.5061650485436894 0.444843408594319 0.029805825242718447 0.05356154406409323
1 0.467378640776699 0.434482884195193 0.03572815533980582 0.04303714493809177
1 0.4157014563106796 0.36859796067006556 0.045966019417475724 0.06567370721048799
1 0.4462888349514563 0.39688638018936634 0.03626699029126213 0.05233066278222869
1 0.3564708737864078 0.3222541879096868 0.05080582524271845 0.05310269482884195
1 0.3622985436893204 0.2950983248361253 0.04595631067961165 0.04540422432629279
1 0.4290242718446602 0.2625163874726876 0.03086407766990291 0.031223597960670063
1 0.47393446601941747 0.25001092498179167 0.04786893203883495 0.0324326292789512
1 0.38937864077669904 0.6879206117989803 0.04866019417475728 0.06338674435542607
1 0.33975 0.7384668608885652 0.04649029126213592 0.05085943190094683
1 0.30738349514563107 0.7714129643117262 0.05942718446601942 0.0686817188638019
1 0.25926699029126216 0.8089329934450109 0.0826116504854369 0.07234522942461763
1 0.1798640776699029 0.8763255644573925 0.11118446601941748 0.15614712308812817
1 0.2216019417475728 0.9603058994901675 0.07815533980582524 0.07938820101966497
1 0.16918203883495145 0.7858302986161689 0.10632524271844661 0.1455863073561544
1 0.21843203883495146 0.6884923525127458 0.0815242718446602 0.13299344501092497
1 0.2781456310679612 0.6646067006554989 0.04269902912621359 0.056088856518572476
1 0.29837378640776696 0.6472432629278951 0.04432038834951456 0.04758193736343773
1 0.3281771844660194 0.6208958485069191 0.050529126213592235 0.05606700655498908
1 0.39293932038834956 0.5903823743627095 0.0810242718446602 0.07224326292789512
1 0.43280339805825246 0.5495083758193736 0.0675485436893204 0.07789512017479971
1 0.46009708737864075 0.49741442097596505 0.050291262135922325 0.04508375819373634
1 0.41230339805825245 0.47782592862345225 0.026548543689320386 0.03941005098324836
1 0.4348519417475728 0.4682738528769119 0.026014563106796118 0.030502549162418065
1 0.5314101941747572 0.5488164603058995 0.03466504854368932 0.060487982520029134
1 0.48930825242718445 0.5703058994901675 0.03978155339805826 0.05685360524399126
1 0.48688106796116504 0.5202840495265841 0.03492718446601942 0.03983976693372178
1 0.5167378640776699 0.4955935906773489 0.03735922330097087 0.048725418790968686
1 0.05746359223300971 0.8260597232337946 0.11492718446601942 0.16340859431900948
1 0.05654611650485437 0.9145229424617627 0.10144174757281553 0.08250546249089585
1 0.06286407766990292 0.9621267297887837 0.12572815533980583 0.07574654042243263
1 0.5771844660194175 0.9737800436999272 0.06796116504854369 0.05243991260014567
1 0.9510679611650485 0.9174908958485068 0.05067961165048544 0.06950473415877641
17 0.6994199029126213 0.9676729788783686 0.03282038834951456 0.053335761107064825
17 0.7388519417475728 0.9049417334304443 0.030131067961165048 0.05897305171158048
17 0.7686553398058252 0.8468645302257829 0.026631067961165048 0.052068463219227965
17 0.786 0.8101165331391114 0.021514563106796118 0.06014566642388929
17 0.7989466019417475 0.7726402039329935 0.02799029126213592 0.06822286962855062
17 0.8217378640776699 0.7351602330662782 0.0201747572815534 0.04715950473415877
17 0.8315 0.7161398397669337 0.016398058252427183 0.05281864530225783
17 0.8330121359223301 0.6779351784413692 0.017480582524271843 0.05361252731245448
17 0.8507330097087379 0.6536125273124544 0.02476699029126214 0.05158048069919883
17 0.8708252427184466 0.5971522214129643 0.021262135922330096 0.047909686817188636
17 0.8466844660194175 0.6173889293517844 0.01666990291262136 0.04468317552804079
12 0.8840412621359224 0.823838310269483 0.018567961165048545 0.06136926438455936
12 0.9003859223300972 0.8239985433357611 0.01533495145631068 0.057319737800437004
12 0.9137111650485437 0.8199927166788055 0.019655339805825244 0.06096139839766934