1 0.06495833333333333 0.5099027777777778 0.03825 0.04758333333333333
1 0.13001041666666666 0.5168055555555556 0.04752083333333333 0.05583333333333334
1 0.13684375000000001 0.44188888888888883 0.0486875 0.09488888888888888
1 0.09011458333333335 0.4224444444444444 0.05522916666666667 0.09488888888888888
1 0.07603125 0.4719305555555556 0.04789583333333333 0.03830555555555555
1 0.32004166666666667 0.5840416666666667 0.05258333333333333 0.06252777777777778
1 0.30422916666666666 0.48747222222222225 0.041791666666666664 0.052722222222222226
1 0.3621770833333333 0.4734305555555556 0.04102083333333333 0.06352777777777778
1 0.33401041666666664 0.38940277777777776 0.0471875 0.045472222222222226
1 0.36565624999999996 0.3590555555555555 0.04797916666666667 0.06811111111111111
1 0.33879166666666666 0.31983333333333336 0.03175 0.034111111111111106
1 0.29801041666666667 0.3058888888888889 0.025187499999999998 0.028444444444444446
1 0.30421875000000004 0.2795972222222222 0.0209375 0.025861111111111112
1 0.2628229166666667 0.2890138888888889 0.029812500000000002 0.03358333333333333
1 0.42422916666666666 0.4951388888888889 0.052625000000000005 0.0625
1 0.3908125 0.5773055555555556 0.06495833333333333 0.07127777777777777
1 0.46994791666666663 0.6176388888888888 0.06072916666666666 0.06305555555555556
1 0.1570625 0.38441666666666663 0.043291666666666666 0.07994444444444444
1 0.2050625 0.38302777777777774 0.03095833333333333 0.03827777777777778
1 0.20783333333333334 0.34854166666666664 0.024 0.024861111111111108
1 0.21201041666666667 0.31304166666666666 0.02402083333333333 0.03719444444444445
1 0.15632291666666667 0.28752777777777777 0.025145833333333333 0.036166666666666666
1 0.18194791666666665 0.2967916666666667 0.0305625 0.05469444444444445
1 0.10366666666666666 0.6191944444444444 0.06566666666666666 0.06616666666666667
1 0.042625 0.54725 0.060250000000000005 0.0445
1 0.046322916666666665 0.5902777777777778 0.050979166666666666 0.05277777777777778
1 0.032552083333333336 0.6556111111111111 0.05677083333333333 0.07233333333333333
1 0.08761458333333333 0.7370694444444446 0.0710625 0.08525
1 0.17538541666666668 0.7079444444444445 0.059104166666666666 0.077
1 0.34559375 0.7249305555555556 0.07035416666666668 0.08319444444444445
1 0.052145833333333336 0.3424861111111111 0.04595833333333333 0.07941666666666666
1 0.20703125 0.24934722222222222 0.0390625 0.03202777777777777
1 0.12796875 0.3514305555555556 0.0309375 0.036194444444444446
1 0.1470625 0.3268333333333333 0.02745833333333333 0.02588888888888889
1 0.019697916666666666 0.7309444444444444 0.03939583333333333 0.07855555555555556
1 0.52940625 0.462375 0.058812500000000004 0.12474999999999999
1 0.5794166666666667 0.47779166666666667 0.038 0.044472222222222225
1 0.6852083333333333 0.5056805555555555 0.04958333333333333 0.05580555555555555
1 0.6364791666666666 0.5248194444444445 0.043791666666666666 0.04963888888888889
1 0.6662708333333334 0.573138888888889 0.04920833333333333 0.05738888888888889
1 0.598625 0.5314166666666666 0.04725 0.051722222222222225
1 0.5951875 0.3225138888888889 0.023708333333333335 0.022805555555555558
1 0.6245520833333333 0.3725833333333333 0.0449375 0.05627777777777778
1 0.6531874999999999 0.4348333333333333 0.04804166666666666 0.06966666666666667
1 0.7099791666666667 0.5499861111111112 0.04495833333333333 0.03886111111111111
1 0.7300520833333334 0.6036944444444445 0.06427083333333333 0.05738888888888889
1 0.7985729166666666 0.6282916666666667 0.05964583333333333 0.06769444444444445
1 0.86015625 0.6743472222222222 0.0828125 0.07647222222222222
1 0.8907604166666666 0.6237222222222222 0.0731875 0.0641111111111111
1 0.8291770833333333 0.5919166666666666 0.07085416666666666 0.06716666666666667
1 0.7688229166666667 0.5633055555555555 0.058479166666666665 0.05994444444444444
1 0.9728437499999999 0.6579861111111112 0.05402083333333333 0.08263888888888889
1 0.6146458333333332 0.7050138888888889 0.100125 0.06002777777777778
1 0.5729375 0.6559305555555556 0.095875 0.07852777777777778
10 0.803125 0.8291666666666667 0.39375 0.3416666666666667