1 0.307740625 0.6587726244343891 0.03923125 0.043789592760181
1 0.393815625 0.48348416289592755 0.03763125 0.0755656108597285
1 0.46808437499999994 0.46977375565610857 0.01866875 0.027782805429864253
1 0.44903125000000005 0.4000848416289593 0.016812499999999998 0.03320135746606335
1 0.67975625 0.5633993212669683 0.0495125 0.07476244343891403
1 0.620046875 0.4740497737556561 0.02009375 0.022760180995475113
1 0.5784 0.4339027149321267 0.020550000000000002 0.04201357466063348
1 0.5456875 0.4509162895927602 0.016375 0.024004524886877827
12 0.125890625 0.5444117647058824 0.01928125 0.045837104072398195
12 0.20462499999999997 0.49513009049773754 0.01675 0.04455882352941177
1 0.806365625 0.7922115384615386 0.06148125 0.091210407239819
1 0.547884375 0.38231900452488693 0.013268750000000001 0.02481900452488688
1 0.523575 0.4078393665158371 0.0084 0.014773755656108598
1 0.54054375 0.3719683257918552 0.0123375 0.017692307692307695
12 0.8751000000000001 0.5328054298642534 0.0152 0.03619909502262444
12 0.913690625 0.5594570135746606 0.009881250000000001 0.03746606334841629
12 0.8017343750000001 0.4888857466063349 0.00846875 0.025282805429864254
12 0.928925 0.5724095022624435 0.01035 0.03622171945701358
1 0.295653125 0.49303167420814475 0.021306250000000002 0.029049773755656108
1 0.46858125 0.3695927601809955 0.0121625 0.0265158371040724