1 0.3302875 0.6922875000000001 0.115575 0.184575
1 0.5942791666666667 0.83724375 0.3168916666666666 0.3244875
12 0.16094166666666665 0.95435 0.040216666666666664 0.09119999999999999
12 0.09195 0.74905 0.0189 0.053099999999999994
12 0.0945125 0.684075 0.017358333333333333 0.04565
12 0.8028083333333333 0.79391875 0.020616666666666665 0.0628375
12 0.7628625 0.79660625 0.019058333333333333 0.0707125
12 0.8414208333333334 0.77933125 0.017841666666666665 0.0586625
12 0.824875 0.7589125 0.023083333333333334 0.050324999999999995
12 0.7674333333333333 0.74645 0.021533333333333335 0.0429
12 0.572375 0.6763875 0.018083333333333333 0.037774999999999996
12 0.6468625 0.6874125 0.018725 0.049825
12 0.10019166666666666 0.8074375 0.025383333333333334 0.049874999999999996
12 0.9028166666666667 0.79011875 0.020633333333333333 0.0577375
12 0.9360958333333333 0.78438125 0.022191666666666665 0.051262499999999996
12 0.8694791666666667 0.7651187500000001 0.020625 0.0577375
12 0.9612833333333333 0.768125 0.017566666666666664 0.05125
12 0.9801124999999999 0.7874375 0.021891666666666667 0.062375
1 0.026416666666666665 0.7538687500000001 0.05283333333333333 0.08273749999999999
12 0.1479125 0.6369812499999999 0.015825 0.028962500000000002
1 0.12371249999999999 0.63290625 0.029091666666666665 0.0308125
1 0.28160416666666666 0.5670625 0.03654166666666667 0.039125
1 0.37399166666666667 0.57289375 0.03965 0.043287500000000007