1 0.16817262830482116 0.7738546255506608 0.2554743390357698 0.23052863436123347
1 0.4723405909797823 0.6412334801762115 0.16396578538102644 0.21638766519823788
1 0.5314774494556765 0.453226872246696 0.08317262830482115 0.1135022026431718
1 0.6149533437013998 0.3908590308370044 0.05727838258164852 0.07246696035242291
1 0.6848600311041991 0.34484581497797356 0.04779160186625194 0.07735682819383259
1 0.7256454121306376 0.3897577092511013 0.05471228615863141 0.08348017621145375
1 0.8111041990668739 0.45194933920704844 0.07632970451010886 0.13737885462555066
1 0.8124883359253499 0.34116740088105724 0.057325038880248834 0.07
1 0.7026594090202177 0.2838876651982379 0.030513219284603422 0.04795154185022026
1 0.7350622083981337 0.2811894273127753 0.0331104199066874 0.03814977973568282
1 0.7640124416796268 0.28621145374449336 0.04435458786936236 0.03938325991189427
1 0.8676127527216174 0.272863436123348 0.04004665629860031 0.047929515418502204
1 0.8444556765163297 0.31240088105726876 0.043499222395023324 0.05651982378854625
1 0.22126749611197513 0.4338876651982379 0.14704510108864696 0.12328193832599119
1 0.3280715396578538 0.4465528634361234 0.10559875583203733 0.09574889867841409
1 0.4124494556765163 0.36472466960352423 0.06284603421461897 0.07306167400881057
1 0.46753499222395023 0.3762995594713656 0.06415241057542768 0.07859030837004405
1 0.5319984447900467 0.33278634361233483 0.046889580093312594 0.06204845814977974
1 0.5751166407465008 0.3346145374449339 0.046034214618973564 0.04367841409691629
1 0.6257931570762053 0.29245594713656387 0.04474339035769829 0.04306167400881057
1 0.584751166407465 0.29061674008810573 0.0404199066874028 0.03938325991189427