1 0.4147345679012346 0.45977142857142855 0.029469135802469137 0.09097142857142856
1 0.4313024691358025 0.6195714285714286 0.042851851851851856 0.10771428571428572
1 0.45640740740740743 0.7756714285714286 0.02639506172839506 0.08277142857142857
1 0.2773703703703704 0.7197 0.02634567901234568 0.05654285714285714
1 0.2516481481481482 0.6469142857142857 0.02428395061728395 0.0424
1 0.20946296296296296 0.6721571428571429 0.02633333333333333 0.04717142857142857
1 0.24501234567901237 0.7483571428571429 0.02582716049382716 0.05671428571428572
1 0.24501234567901237 0.8219571428571428 0.02582716049382716 0.04962857142857143
1 0.33396296296296296 0.23384285714285713 0.028419753086419752 0.050542857142857146
1 0.29748765432098767 0.3252857142857143 0.019666666666666666 0.05057142857142857
1 0.3277407407407408 0.32684285714285716 0.025851851851851855 0.042257142857142854
1 0.3879320987654321 0.3479142857142857 0.022777777777777775 0.06725714285714285
1 0.3828395061728395 0.43032857142857145 0.027407407407407408 0.07208571428571428
1 0.6740246913580248 0.15287142857142857 0.029530864197530867 0.06002857142857143