26 0.20694001874414247 0.6195941176470587 0.20394564198687912 0.10507058823529412
26 0.5822586691658856 0.8176941176470588 0.20481724461105905 0.10950588235294118
26 0.9250234301780693 0.6355882352941177 0.14995313964386128 0.09588235294117647
26 0.5774929709465791 0.4222382352941177 0.1915370196813496 0.1033
26 0.21189784442361762 0.22427647058823527 0.1988659793814433 0.11678823529411764
26 0.9231490159325211 0.22970588235294118 0.15370196813495782 0.10294117647058823
26 0.552497656982193 0.041947058823529414 0.20715089034676665 0.08389411764705883
26 0.9343955014058107 0.02588235294117647 0.13120899718837864 0.05176470588235294
26 0.21935332708528585 0.027108823529411765 0.09381443298969072 0.024805882352941178
26 0.03008903467666354 0.12717941176470587 0.06017806935332708 0.03318235294117647
26 0.393223992502343 0.3204911764705883 0.061049671977507027 0.02921764705882353
26 0.7641658856607311 0.32178823529411765 0.05879100281162136 0.023576470588235292
26 0.9477647610121837 0.4244911764705882 0.05298031865042174 0.028982352941176473
26 0.20603092783505156 0.42076470588235293 0.04655107778819119 0.025058823529411765
6 0.17558575445173383 0.9715529411764706 0.3136832239925023 0.048988235294117645
6 0.7473992502343018 0.9705941176470588 0.44700093720712275 0.03648235294117647
26 0.7693252108716027 0.12746470588235295 0.06348641049671977 0.03492941176470588