6 0.9195192307692308 0.9590638075313808 0.12365384615384616 0.0771234309623431
6 0.21339230769230766 0.9548378661087866 0.3744769230769231 0.07494769874476988
26 0.4037807692307692 0.45555962343096235 0.09371538461538462 0.10567991631799163
26 0.06563076923076923 0.3156171548117155 0.08818461538461539 0.09776150627615061
26 0.40374615384615387 0.722871338912134 0.030569230769230772 0.04825313807531381
26 0.29036538461538464 0.585026150627615 0.0315 0.05080543933054393
26 0.5169961538461538 0.5885146443514644 0.023223076923076923 0.04732217573221757
26 0.6259884615384615 0.7263650627615063 0.08736153846153846 0.09708158995815899
26 0.5147538461538461 0.8553085774058576 0.02643076923076923 0.03697698744769875
26 0.2935076923076923 0.8588389121338912 0.027015384615384615 0.03566945606694561
26 0.6265923076923078 0.17927824267782425 0.03318461538461538 0.038472803347280336
26 0.7371230769230769 0.31874476987447703 0.08193846153846153 0.09564853556485356
26 0.8521961538461539 0.186255230125523 0.02746923076923077 0.04196652719665272
26 0.7409961538461538 0.04975941422594142 0.029684615384615386 0.03884937238493724
26 0.5188230769230769 0.048410041841004184 0.029953846153846154 0.04451882845188285
26 0.4048038461538462 0.17757845188284518 0.021915384615384614 0.0371652719665272
26 0.17746923076923077 0.1844665271966527 0.02570769230769231 0.04675732217573222
26 0.29315384615384615 0.048980125523012556 0.032461538461538465 0.05193514644351464
26 0.17903846153846154 0.44511506276150625 0.019615384615384614 0.03248953974895397
26 0.17262692307692307 0.7267050209205022 0.022176923076923077 0.04127615062761506
26 0.06559615384615385 0.5855910041841005 0.017346153846153848 0.03729079497907949
26 0.06405769230769232 0.8575732217573222 0.025038461538461537 0.03523012552301255
26 0.7377615384615385 0.582452928870293 0.021676923076923076 0.03729079497907949
26 0.8515884615384616 0.4517154811715481 0.0201 0.0394142259414226
26 0.963173076923077 0.31439330543933053 0.029423076923076923 0.057656903765690375
26 0.8528692307692308 0.7219403765690376 0.030353846153846155 0.035930962343096236
26 0.7404192307692308 0.8579497907949791 0.03160769230769231 0.035983263598326355
26 0.9648076923076923 0.8592625523012553 0.03423076923076923 0.03860878661087866
26 0.96285 0.5854027196652719 0.028776923076923075 0.04109832635983263
26 0.29123076923076924 0.31873953974895397 0.02861538461538462 0.04333682008368201
26 0.5204884615384615 0.31481171548117154 0.028669230769230773 0.035481171548117155
26 0.6323307692307693 0.4507845188284519 0.020046153846153845 0.03336820083682008