6 0.7133984375 0.8589375 0.367421875 0.04704166666666666
6 0.314390625 0.2108958333333333 0.30690625 0.22595833333333332
12 0.6511328125 0.6793958333333333 0.058515625 0.167125
12 0.5886875 0.6316875 0.02425 0.063375
12 0.76646875 0.6248958333333333 0.026687499999999996 0.06229166666666666
1 0.6258671875 0.6189687500000001 0.045484375 0.04627083333333334
1 0.5623984375 0.6140520833333334 0.031046875 0.028104166666666666
10 0.531703125 0.6240416666666667 0.029031249999999998 0.03558333333333333
4 0.48290625 0.5748333333333334 0.0626875 0.058
23 0.3634296875 0.62640625 0.098734375 0.6153125
23 0.9126015625000001 0.5314687499999999 0.028328125 0.25460416666666663
23 0.4846640625 0.64371875 0.016203125 0.12910416666666666