4 0.921560975609756 0.18604878048780488 0.09678048780487805 0.26478048780487806
4 0.8565 0.24839024390243902 0.06421951219512195 0.1358048780487805
4 0.6678658536585366 0.28470731707317076 0.043048780487804875 0.1108780487804878
4 0.510390243902439 0.2960975609756098 0.050048780487804874 0.12390243902439024
4 0.37270731707317073 0.315609756097561 0.04785365853658537 0.0848780487804878
4 0.18189024390243902 0.3438048780487805 0.03207317073170732 0.08273170731707317
4 0.6282926829268293 0.6875365853658536 0.06634146341463415 0.39946341463414636
4 0.7616463414634146 0.549829268292683 0.040365853658536587 0.2606341463414634
4 0.709060975609756 0.48585365853658535 0.042512195121951216 0.1521951219512195
4 0.6215121951219512 0.4479024390243902 0.04302439024390244 0.14458536585365853
4 0.4559146341463415 0.44356097560975616 0.03378048780487805 0.10663414634146341
4 0.5182560975609757 0.4457317073170732 0.04139024390243902 0.13048780487804879
4 0.5670365853658537 0.43326829268292677 0.036512195121951224 0.14458536585365853
4 0.25778048780487806 0.4430243902439024 0.022878048780487808 0.12507317073170732
4 0.32446341463414635 0.4381219512195122 0.02453658536585366 0.11526829268292682