1 0.3958030303030303 0.8769555555555556 0.09766666666666665 0.12279999999999999
1 0.5867348484848485 0.8832555555555555 0.10377272727272727 0.12206666666666667
1 0.48495454545454547 0.9674111111111111 0.1093030303030303 0.06371111111111112
1 0.5349621212121212 0.8013777777777777 0.06386363636363636 0.09608888888888889
1 0.5960757575757576 0.7650666666666666 0.05275757575757576 0.0679111111111111
1 0.7286666666666667 0.7380333333333333 0.05430303030303031 0.0805111111111111
1 0.6915454545454546 0.6846777777777778 0.0436969696969697 0.0538
1 0.7450833333333333 0.6205888888888889 0.0538030303030303 0.07228888888888889
1 0.8218636363636362 0.6009666666666666 0.05584848484848485 0.09082222222222222
1 0.7673106060606061 0.5339 0.03159090909090909 0.041133333333333334
1 0.8001439393939395 0.5298333333333334 0.030590909090909092 0.04633333333333334
1 0.8647954545454545 0.5031555555555556 0.03262121212121212 0.037422222222222225
1 0.9380378787878788 0.5253888888888889 0.033651515151515154 0.04633333333333334
1 0.9691060606060606 0.49945555555555554 0.03821212121212121 0.0478
1 0.8728787878787879 0.6572666666666667 0.04878787878787879 0.05231111111111111
1 0.856969696969697 0.6909777777777778 0.05030303030303031 0.053066666666666665
1 0.11420454545454546 0.638 0.05265151515151515 0.058222222222222224
1 0.23543181818181816 0.7113555555555556 0.0648030303030303 0.0627111111111111
1 0.2844242424242424 0.7265444444444444 0.047636363636363636 0.06197777777777778
1 0.36120454545454544 0.6535666666666667 0.04362121212121212 0.06268888888888889
1 0.3685227272727273 0.6054 0.043106060606060606 0.06413333333333333
1 0.41802272727272727 0.6494888888888889 0.0511969696969697 0.06786666666666666
1 0.44530303030303026 0.6202222222222222 0.04515151515151515 0.10266666666666667
1 0.3518560606060606 0.4813 0.03401515151515151 0.05148888888888889
1 0.3210454545454545 0.5276111111111111 0.045121212121212124 0.04188888888888889
1 0.29250757575757574 0.5553888888888889 0.04562121212121212 0.03966666666666667
1 0.20259848484848486 0.5350222222222222 0.04156060606060606 0.05671111111111111
1 0.45312878787878785 0.44462222222222225 0.03353030303030303 0.0448
1 0.08894696969696969 0.5139 0.0385 0.04557777777777778
1 0.06646969696969697 0.49537777777777775 0.032939393939393935 0.044088888888888886
1 0.15384848484848485 0.4635222222222222 0.031939393939393934 0.042600000000000006
1 0.17582575757575758 0.4494444444444444 0.03043939393939394 0.058888888888888886
1 0.48798484848484847 0.3786888888888889 0.04263636363636364 0.07293333333333334
1 0.38342424242424245 0.4957444444444445 0.03351515151515152 0.05815555555555556
1 0.6723484848484849 0.41313333333333335 0.029545454545454545 0.05737777777777778
1 0.7357424242424242 0.5591 0.03815151515151515 0.04708888888888889
1 0.850651515151515 0.4438777777777778 0.022515151515151516 0.03442222222222222
4 0.9724772727272728 0.7839666666666667 0.05404545454545455 0.10126666666666667