1 0.5275195312500001 0.4236653645833333 0.2034765625 0.3369140625
1 0.7002099609375 0.49397135416666665 0.154326171875 0.154609375
1 0.043984375 0.44011067708333335 0.08796875 0.34897135416666664
1 0.3114453125 0.43993489583333334 0.033046875 0.046536458333333336
1 0.3515283203125 0.4305338541666666 0.056572265625 0.06679687499999999
1 0.384189453125 0.42020833333333335 0.03595703125 0.03833333333333334
1 0.91162109375 0.5091145833333334 0.1767578125 0.2526041666666667
23 0.2724755859375 0.23973958333333334 0.046904296875 0.3076041666666667
23 0.399130859375 0.25479817708333335 0.03849609375 0.3976171875
23 0.323310546875 0.30860026041666666 0.03919921875 0.17188802083333332
23 0.6179833984375 0.16458984375 0.095341796875 0.3213671875