1 0.37123142250530783 0.3777115987460815 0.01634819532908705 0.05322884012539185
1 0.3574309978768577 0.4742163009404389 0.014225053078556264 0.058150470219435736
1 0.3786624203821656 0.4327586206896552 0.012101910828025478 0.05047021943573668
1 0.3704087048832272 0.479435736677116 0.01470276008492569 0.05605015673981191
1 0.383619957537155 0.6832445141065832 0.019893842887473458 0.04987460815047022
1 0.41464437367303614 0.6104388714733542 0.02886411889596603 0.06727272727272728
1 0.45735138004246284 0.5647962382445141 0.022983014861995752 0.057492163009404386
1 0.4897929936305732 0.5299529780564264 0.03054140127388535 0.06304075235109717
1 0.5328450106157112 0.20352664576802507 0.01898089171974522 0.0810344827586207
1 0.5523142250530785 0.07078369905956113 0.019702760084925688 0.05379310344827586
1 0.5980838641188959 0.12164576802507837 0.017823779193205942 0.06774294670846395
1 0.3607324840764331 0.704153605015674 0.01870488322717622 0.0603448275862069
1 0.3595541401273885 0.8219122257053292 0.018471337579617834 0.07642633228840125
1 0.5065392781316348 0.8320062695924766 0.02157112526539278 0.07780564263322884
1 0.517515923566879 0.9623824451410659 0.018046709129511677 0.07523510971786834
1 0.6723991507430997 0.5344827586206896 0.011464968152866243 0.05329153605015674
1 0.6846709129511678 0.545282131661442 0.014777070063694267 0.06862068965517241
1 0.7000053078556263 0.5344827586206896 0.01572186836518047 0.06583072100313479
1 0.6978821656050955 0.5940595611285266 0.01572186836518047 0.05959247648902822
1 0.6979989384288747 0.6424921630094045 0.015955414012738853 0.04987460815047022
1 0.6924575371549894 0.743166144200627 0.017611464968152867 0.06313479623824451