1 0.2148462783171521 0.13125609756097562 0.20315533980582523 0.12104878048780489
1 0.5813834951456311 0.1390609756097561 0.15305825242718446 0.0781219512195122
1 0.6694255663430421 0.14003658536585364 0.07671521035598705 0.07519512195121951
1 0.8830825242718446 0.11564634146341463 0.1642233009708738 0.10934146341463415
1 0.050590614886731396 0.19323170731707315 0.10118122977346279 0.2498780487804878
1 0.34418284789644016 0.12491463414634148 0.03464401294498382 0.04495121951219512
1 0.3844174757281553 0.13629268292682928 0.043915857605177994 0.07258536585365855
1 0.4614320388349515 0.13970731707317074 0.045841423948220064 0.05990243902439024
1 0.366084142394822 0.08995121951219513 0.02666666666666667 0.0384390243902439
12 0.40620550161812297 0.16102439024390242 0.04218446601941748 0.1513170731707317
15 0.4614320388349515 0.18834146341463415 0.05555016181229773 0.0888780487804878
12 0.7772734627831716 0.1444268292682927 0.03351132686084143 0.1425121951219512
27 0.2842071197411003 0.5691951219512196 0.15741100323624596 0.06521951219512195
14 0.4463268608414239 0.7269634146341464 0.17097087378640777 0.10758536585365853
14 0.5281957928802589 0.8481951219512195 0.09846278317152103 0.0768780487804878
14 0.7442394822006473 0.8708780487804878 0.21339805825242716 0.19541463414634147
14 0.6199757281553397 0.5841463414634146 0.09432038834951456 0.05609756097560976
14 0.36788025889967635 0.49318292682926834 0.052912621359223304 0.03514634146341464
14 0.49584142394822006 0.4977439024390244 0.10818770226537217 0.04914634146341463