14 0.47915 0.561225 0.21163333333333334 0.06245
14 0.5821833333333334 0.786275 0.14436666666666667 0.08255000000000001
14 0.5396833333333333 0.436575 0.10603333333333333 0.03315
14 0.5823499999999999 0.787175 0.15136666666666665 0.09435
14 0.78065 0.6112 0.17463333333333333 0.0524
14 0.728 0.41462499999999997 0.08933333333333333 0.01925
14 0.7391833333333333 0.468375 0.06503333333333333 0.02675
14 0.38206666666666667 0.376175 0.08413333333333332 0.02235
14 0.7235166666666667 0.9667749999999999 0.12036666666666666 0.06355000000000001
14 0.7169166666666666 0.67925 0.25383333333333336 0.06849999999999999
14 0.6337 0.6263000000000001 0.10073333333333333 0.0326
14 0.5848666666666666 0.3477 0.06306666666666667 0.0154
14 0.2870333333333333 0.32520000000000004 0.03406666666666667 0.0204
14 0.6586000000000001 0.287625 0.0572 0.01525
14 0.6666833333333333 0.39097499999999996 0.09336666666666667 0.03195
14 0.26643333333333336 0.513475 0.13286666666666666 0.046950000000000006
14 0.41996666666666665 0.48267499999999997 0.20659999999999998 0.03535
14 0.6013833333333333 0.51305 0.1961 0.0461