1 0.21669166666666664 0.28531249999999997 0.23671666666666666 0.19798349056603773
1 0.031016666666666665 0.2340625 0.06203333333333333 0.06954009433962265
1 0.6469416666666667 0.22567806603773585 0.05888333333333333 0.0433372641509434
1 0.6838 0.22420990566037735 0.0326 0.040400943396226414
1 0.7071583333333333 0.22691037735849054 0.02765 0.03400943396226415
1 0.7241916666666667 0.22494103773584906 0.043383333333333336 0.03714622641509434
1 0.75545 0.22503537735849058 0.030899999999999997 0.03497641509433962
1 0.77335 0.2263974056603774 0.020033333333333334 0.030625
1 0.8913708333333333 0.24511202830188678 0.10440833333333334 0.07984669811320753
1 0.968325 0.23814858490566038 0.04831666666666667 0.03525943396226415
3 0.5137 0.15734669811320756 0.3424 0.14724056603773586
3 0.35229166666666667 0.11612617924528301 0.25958333333333333 0.19451650943396226
14 0.5676375 0.5441627358490566 0.09694166666666666 0.03879716981132075
14 0.48398749999999996 0.5051650943396226 0.08964166666666666 0.05985849056603773
14 0.5532458333333333 0.44837853773584907 0.03315833333333333 0.024115566037735847