12 0.8866266666666667 0.24475978647686833 0.15458666666666665 0.3151423487544484
12 0.6366666666666667 0.17151245551601424 0.05466666666666667 0.19711743772241994
12 0.84328 0.16403914590747332 0.04122666666666667 0.17149466192170817
1 0.7563933333333333 0.12025800711743774 0.13412000000000002 0.21204626334519575
17 0.5353466666666666 0.24413701067615656 0.036026666666666665 0.08969750889679715
17 0.7218666666666667 0.2086387900355872 0.025066666666666668 0.08275800711743772
17 0.7364133333333333 0.20768683274021352 0.027493333333333335 0.07729537366548042
17 0.7887533333333334 0.22204626334519573 0.02817333333333333 0.07754448398576512
17 0.8057933333333334 0.30357651245551603 0.05958666666666666 0.14451957295373666
17 0.9380866666666667 0.30984875444839854 0.07350666666666666 0.1535053380782918
17 0.7985599999999999 0.0851067615658363 0.02112 0.06701067615658363
14 0.5198066666666666 0.4947241992882563 0.10894666666666666 0.08553380782918149
14 0.42008 0.5779537366548043 0.07216 0.04914590747330961